Size: 21x21

Symboles : [11, 12, 13, 14, 15, 16, 17, 18, 19, 1, 2, 3, 4, 5, 6, 7, 8, 9, 20, 10, 21]

Rules:
Rule 0 (BlockRule): [(1,0), (2,1), (3,2), (0,0), (1,1), (2,2), (0,1), (1,2), (0,2), (6,0), (5,0), (6,1), (4,0), (5,1), (6,2), (3,0), (4,1), (5,2), (2,0), (3,1), (4,2)]
Rule 0 (BlockRule): [(13,0), (12,0), (13,1), (11,0), (12,1), (13,2), (10,0), (11,1), (12,2), (9,0), (10,1), (11,2), (8,0), (9,1), (10,2), (7,0), (8,1), (9,2), (7,1), (8,2), (7,2)]
Rule 0 (BlockRule): [(20,0), (19,0), (20,1), (18,0), (19,1), (20,2), (17,0), (18,1), (19,2), (16,0), (17,1), (18,2), (15,0), (16,1), (17,2), (14,0), (15,1), (16,2), (14,1), (15,2), (14,2)]
Rule 0 (BlockRule): [(4,3), (5,4), (6,5), (3,3), (4,4), (5,5), (2,3), (3,4), (4,5), (1,3), (2,4), (3,5), (0,3), (1,4), (2,5), (0,4), (1,5), (0,5), (6,3), (5,3), (6,4)]
Rule 0 (BlockRule): [(13,3), (12,3), (13,4), (11,3), (12,4), (13,5), (10,3), (11,4), (12,5), (9,3), (10,4), (11,5), (8,3), (9,4), (10,5), (7,3), (8,4), (9,5), (7,4), (8,5), (7,5)]
Rule 0 (BlockRule): [(20,3), (19,3), (20,4), (18,3), (19,4), (20,5), (17,3), (18,4), (19,5), (16,3), (17,4), (18,5), (15,3), (16,4), (17,5), (14,3), (15,4), (16,5), (14,4), (15,5), (14,5)]
Rule 0 (BlockRule): [(6,6), (5,6), (6,7), (4,6), (5,7), (6,8), (3,6), (4,7), (5,8), (2,6), (3,7), (4,8), (1,6), (2,7), (3,8), (0,6), (1,7), (2,8), (0,7), (1,8), (0,8)]
Rule 0 (BlockRule): [(7,6), (8,7), (9,8), (7,7), (8,8), (7,8), (13,6), (12,6), (13,7), (11,6), (12,7), (13,8), (10,6), (11,7), (12,8), (9,6), (10,7), (11,8), (8,6), (9,7), (10,8)]
Rule 0 (BlockRule): [(20,6), (19,6), (20,7), (18,6), (19,7), (20,8), (17,6), (18,7), (19,8), (16,6), (17,7), (18,8), (15,6), (16,7), (17,8), (14,6), (15,7), (16,8), (14,7), (15,8), (14,8)]
Rule 0 (BlockRule): [(6,9), (5,9), (6,10), (4,9), (5,10), (6,11), (3,9), (4,10), (5,11), (2,9), (3,10), (4,11), (1,9), (2,10), (3,11), (0,9), (1,10), (2,11), (0,10), (1,11), (0,11)]
Rule 0 (BlockRule): [(10,9), (11,10), (12,11), (9,9), (10,10), (11,11), (8,9), (9,10), (10,11), (7,9), (8,10), (9,11), (7,10), (8,11), (7,11), (13,9), (12,9), (13,10), (11,9), (12,10), (13,11)]
Rule 0 (BlockRule): [(20,9), (19,9), (20,10), (18,9), (19,10), (20,11), (17,9), (18,10), (19,11), (16,9), (17,10), (18,11), (15,9), (16,10), (17,11), (14,9), (15,10), (16,11), (14,10), (15,11), (14,11)]
Rule 0 (BlockRule): [(6,12), (5,12), (6,13), (4,12), (5,13), (6,14), (3,12), (4,13), (5,14), (2,12), (3,13), (4,14), (1,12), (2,13), (3,14), (0,12), (1,13), (2,14), (0,13), (1,14), (0,14)]
Rule 0 (BlockRule): [(13,12), (12,12), (13,13), (11,12), (12,13), (13,14), (10,12), (11,13), (12,14), (9,12), (10,13), (11,14), (8,12), (9,13), (10,14), (7,12), (8,13), (9,14), (7,13), (8,14), (7,14)]
Rule 0 (BlockRule): [(14,13), (15,14), (14,14), (20,12), (19,12), (20,13), (18,12), (19,13), (20,14), (17,12), (18,13), (19,14), (16,12), (17,13), (18,14), (15,12), (16,13), (17,14), (14,12), (15,13), (16,14)]
Rule 0 (BlockRule): [(6,15), (5,15), (6,16), (4,15), (5,16), (6,17), (3,15), (4,16), (5,17), (2,15), (3,16), (4,17), (1,15), (2,16), (3,17), (0,15), (1,16), (2,17), (0,16), (1,17), (0,17)]
Rule 0 (BlockRule): [(13,15), (12,15), (13,16), (11,15), (12,16), (13,17), (10,15), (11,16), (12,17), (9,15), (10,16), (11,17), (8,15), (9,16), (10,17), (7,15), (8,16), (9,17), (7,16), (8,17), (7,17)]
Rule 0 (BlockRule): [(16,15), (17,16), (18,17), (15,15), (16,16), (17,17), (14,15), (15,16), (16,17), (14,16), (15,17), (14,17), (20,15), (19,15), (20,16), (18,15), (19,16), (20,17), (17,15), (18,16), (19,17)]
Rule 0 (BlockRule): [(6,18), (5,18), (6,19), (4,18), (5,19), (6,20), (3,18), (4,19), (5,20), (2,18), (3,19), (4,20), (1,18), (2,19), (3,20), (0,18), (1,19), (2,20), (0,19), (1,20), (0,20)]
Rule 0 (BlockRule): [(13,18), (12,18), (13,19), (11,18), (12,19), (13,20), (10,18), (11,19), (12,20), (9,18), (10,19), (11,20), (8,18), (9,19), (10,20), (7,18), (8,19), (9,20), (7,19), (8,20), (7,20)]
Rule 0 (BlockRule): [(19,18), (20,19), (18,18), (19,19), (20,20), (17,18), (18,19), (19,20), (16,18), (17,19), (18,20), (15,18), (16,19), (17,20), (14,18), (15,19), (16,20), (14,19), (15,20), (14,20), (20,18)]
Rule 0 (RowRule): [(1,0), (0,0), (20,0), (19,0), (18,0), (17,0), (16,0), (15,0), (14,0), (13,0), (12,0), (11,0), (10,0), (9,0), (8,0), (7,0), (6,0), (5,0), (4,0), (3,0), (2,0)]
Rule 0 (RowRule): [(2,1), (1,1), (0,1), (20,1), (19,1), (18,1), (17,1), (16,1), (15,1), (14,1), (13,1), (12,1), (11,1), (10,1), (9,1), (8,1), (7,1), (6,1), (5,1), (4,1), (3,1)]
Rule 0 (RowRule): [(3,2), (2,2), (1,2), (0,2), (20,2), (19,2), (18,2), (17,2), (16,2), (15,2), (14,2), (13,2), (12,2), (11,2), (10,2), (9,2), (8,2), (7,2), (6,2), (5,2), (4,2)]
Rule 0 (RowRule): [(4,3), (3,3), (2,3), (1,3), (0,3), (20,3), (19,3), (18,3), (17,3), (16,3), (15,3), (14,3), (13,3), (12,3), (11,3), (10,3), (9,3), (8,3), (7,3), (6,3), (5,3)]
Rule 0 (RowRule): [(5,4), (4,4), (3,4), (2,4), (1,4), (0,4), (20,4), (19,4), (18,4), (17,4), (16,4), (15,4), (14,4), (13,4), (12,4), (11,4), (10,4), (9,4), (8,4), (7,4), (6,4)]
Rule 0 (RowRule): [(6,5), (5,5), (4,5), (3,5), (2,5), (1,5), (0,5), (20,5), (19,5), (18,5), (17,5), (16,5), (15,5), (14,5), (13,5), (12,5), (11,5), (10,5), (9,5), (8,5), (7,5)]
Rule 0 (RowRule): [(7,6), (6,6), (5,6), (4,6), (3,6), (2,6), (1,6), (0,6), (20,6), (19,6), (18,6), (17,6), (16,6), (15,6), (14,6), (13,6), (12,6), (11,6), (10,6), (9,6), (8,6)]
Rule 0 (RowRule): [(8,7), (7,7), (6,7), (5,7), (4,7), (3,7), (2,7), (1,7), (0,7), (20,7), (19,7), (18,7), (17,7), (16,7), (15,7), (14,7), (13,7), (12,7), (11,7), (10,7), (9,7)]
Rule 0 (RowRule): [(9,8), (8,8), (7,8), (6,8), (5,8), (4,8), (3,8), (2,8), (1,8), (0,8), (20,8), (19,8), (18,8), (17,8), (16,8), (15,8), (14,8), (13,8), (12,8), (11,8), (10,8)]
Rule 0 (RowRule): [(10,9), (9,9), (8,9), (7,9), (6,9), (5,9), (4,9), (3,9), (2,9), (1,9), (0,9), (20,9), (19,9), (18,9), (17,9), (16,9), (15,9), (14,9), (13,9), (12,9), (11,9)]
Rule 0 (RowRule): [(11,10), (10,10), (9,10), (8,10), (7,10), (6,10), (5,10), (4,10), (3,10), (2,10), (1,10), (0,10), (20,10), (19,10), (18,10), (17,10), (16,10), (15,10), (14,10), (13,10), (12,10)]
Rule 0 (RowRule): [(12,11), (11,11), (10,11), (9,11), (8,11), (7,11), (6,11), (5,11), (4,11), (3,11), (2,11), (1,11), (0,11), (20,11), (19,11), (18,11), (17,11), (16,11), (15,11), (14,11), (13,11)]
Rule 0 (RowRule): [(13,12), (12,12), (11,12), (10,12), (9,12), (8,12), (7,12), (6,12), (5,12), (4,12), (3,12), (2,12), (1,12), (0,12), (20,12), (19,12), (18,12), (17,12), (16,12), (15,12), (14,12)]
Rule 0 (RowRule): [(14,13), (13,13), (12,13), (11,13), (10,13), (9,13), (8,13), (7,13), (6,13), (5,13), (4,13), (3,13), (2,13), (1,13), (0,13), (20,13), (19,13), (18,13), (17,13), (16,13), (15,13)]
Rule 0 (RowRule): [(15,14), (14,14), (13,14), (12,14), (11,14), (10,14), (9,14), (8,14), (7,14), (6,14), (5,14), (4,14), (3,14), (2,14), (1,14), (0,14), (20,14), (19,14), (18,14), (17,14), (16,14)]
Rule 0 (RowRule): [(16,15), (15,15), (14,15), (13,15), (12,15), (11,15), (10,15), (9,15), (8,15), (7,15), (6,15), (5,15), (4,15), (3,15), (2,15), (1,15), (0,15), (20,15), (19,15), (18,15), (17,15)]
Rule 0 (RowRule): [(17,16), (16,16), (15,16), (14,16), (13,16), (12,16), (11,16), (10,16), (9,16), (8,16), (7,16), (6,16), (5,16), (4,16), (3,16), (2,16), (1,16), (0,16), (20,16), (19,16), (18,16)]
Rule 0 (RowRule): [(18,17), (17,17), (16,17), (15,17), (14,17), (13,17), (12,17), (11,17), (10,17), (9,17), (8,17), (7,17), (6,17), (5,17), (4,17), (3,17), (2,17), (1,17), (0,17), (20,17), (19,17)]
Rule 0 (RowRule): [(19,18), (18,18), (17,18), (16,18), (15,18), (14,18), (13,18), (12,18), (11,18), (10,18), (9,18), (8,18), (7,18), (6,18), (5,18), (4,18), (3,18), (2,18), (1,18), (0,18), (20,18)]
Rule 0 (RowRule): [(20,19), (19,19), (18,19), (17,19), (16,19), (15,19), (14,19), (13,19), (12,19), (11,19), (10,19), (9,19), (8,19), (7,19), (6,19), (5,19), (4,19), (3,19), (2,19), (1,19), (0,19)]
Rule 0 (RowRule): [(20,20), (19,20), (18,20), (17,20), (16,20), (15,20), (14,20), (13,20), (12,20), (11,20), (10,20), (9,20), (8,20), (7,20), (6,20), (5,20), (4,20), (3,20), (2,20), (1,20), (0,20)]
Rule 0 (ColumnRule): [(0,0), (0,1), (0,2), (0,3), (0,4), (0,5), (0,6), (0,7), (0,8), (0,9), (0,10), (0,11), (0,12), (0,13), (0,14), (0,15), (0,16), (0,17), (0,18), (0,19), (0,20)]
Rule 0 (ColumnRule): [(1,0), (1,1), (1,2), (1,3), (1,4), (1,5), (1,6), (1,7), (1,8), (1,9), (1,10), (1,11), (1,12), (1,13), (1,14), (1,15), (1,16), (1,17), (1,18), (1,19), (1,20)]
Rule 0 (ColumnRule): [(2,1), (2,2), (2,3), (2,4), (2,5), (2,6), (2,7), (2,8), (2,9), (2,10), (2,11), (2,12), (2,13), (2,14), (2,15), (2,16), (2,17), (2,18), (2,19), (2,20), (2,0)]
Rule 0 (ColumnRule): [(3,2), (3,3), (3,4), (3,5), (3,6), (3,7), (3,8), (3,9), (3,10), (3,11), (3,12), (3,13), (3,14), (3,15), (3,16), (3,17), (3,18), (3,19), (3,20), (3,0), (3,1)]
Rule 0 (ColumnRule): [(4,3), (4,4), (4,5), (4,6), (4,7), (4,8), (4,9), (4,10), (4,11), (4,12), (4,13), (4,14), (4,15), (4,16), (4,17), (4,18), (4,19), (4,20), (4,0), (4,1), (4,2)]
Rule 0 (ColumnRule): [(5,4), (5,5), (5,6), (5,7), (5,8), (5,9), (5,10), (5,11), (5,12), (5,13), (5,14), (5,15), (5,16), (5,17), (5,18), (5,19), (5,20), (5,0), (5,1), (5,2), (5,3)]
Rule 0 (ColumnRule): [(6,5), (6,6), (6,7), (6,8), (6,9), (6,10), (6,11), (6,12), (6,13), (6,14), (6,15), (6,16), (6,17), (6,18), (6,19), (6,20), (6,0), (6,1), (6,2), (6,3), (6,4)]
Rule 0 (ColumnRule): [(7,6), (7,7), (7,8), (7,9), (7,10), (7,11), (7,12), (7,13), (7,14), (7,15), (7,16), (7,17), (7,18), (7,19), (7,20), (7,0), (7,1), (7,2), (7,3), (7,4), (7,5)]
Rule 0 (ColumnRule): [(8,7), (8,8), (8,9), (8,10), (8,11), (8,12), (8,13), (8,14), (8,15), (8,16), (8,17), (8,18), (8,19), (8,20), (8,0), (8,1), (8,2), (8,3), (8,4), (8,5), (8,6)]
Rule 0 (ColumnRule): [(9,8), (9,9), (9,10), (9,11), (9,12), (9,13), (9,14), (9,15), (9,16), (9,17), (9,18), (9,19), (9,20), (9,0), (9,1), (9,2), (9,3), (9,4), (9,5), (9,6), (9,7)]
Rule 0 (ColumnRule): [(10,9), (10,10), (10,11), (10,12), (10,13), (10,14), (10,15), (10,16), (10,17), (10,18), (10,19), (10,20), (10,0), (10,1), (10,2), (10,3), (10,4), (10,5), (10,6), (10,7), (10,8)]
Rule 0 (ColumnRule): [(11,10), (11,11), (11,12), (11,13), (11,14), (11,15), (11,16), (11,17), (11,18), (11,19), (11,20), (11,0), (11,1), (11,2), (11,3), (11,4), (11,5), (11,6), (11,7), (11,8), (11,9)]
Rule 0 (ColumnRule): [(12,11), (12,12), (12,13), (12,14), (12,15), (12,16), (12,17), (12,18), (12,19), (12,20), (12,0), (12,1), (12,2), (12,3), (12,4), (12,5), (12,6), (12,7), (12,8), (12,9), (12,10)]
Rule 0 (ColumnRule): [(13,12), (13,13), (13,14), (13,15), (13,16), (13,17), (13,18), (13,19), (13,20), (13,0), (13,1), (13,2), (13,3), (13,4), (13,5), (13,6), (13,7), (13,8), (13,9), (13,10), (13,11)]
Rule 0 (ColumnRule): [(14,13), (14,14), (14,15), (14,16), (14,17), (14,18), (14,19), (14,20), (14,0), (14,1), (14,2), (14,3), (14,4), (14,5), (14,6), (14,7), (14,8), (14,9), (14,10), (14,11), (14,12)]
Rule 0 (ColumnRule): [(15,14), (15,15), (15,16), (15,17), (15,18), (15,19), (15,20), (15,0), (15,1), (15,2), (15,3), (15,4), (15,5), (15,6), (15,7), (15,8), (15,9), (15,10), (15,11), (15,12), (15,13)]
Rule 0 (ColumnRule): [(16,15), (16,16), (16,17), (16,18), (16,19), (16,20), (16,0), (16,1), (16,2), (16,3), (16,4), (16,5), (16,6), (16,7), (16,8), (16,9), (16,10), (16,11), (16,12), (16,13), (16,14)]
Rule 0 (ColumnRule): [(17,16), (17,17), (17,18), (17,19), (17,20), (17,0), (17,1), (17,2), (17,3), (17,4), (17,5), (17,6), (17,7), (17,8), (17,9), (17,10), (17,11), (17,12), (17,13), (17,14), (17,15)]
Rule 0 (ColumnRule): [(18,17), (18,18), (18,19), (18,20), (18,0), (18,1), (18,2), (18,3), (18,4), (18,5), (18,6), (18,7), (18,8), (18,9), (18,10), (18,11), (18,12), (18,13), (18,14), (18,15), (18,16)]
Rule 0 (ColumnRule): [(19,18), (19,19), (19,20), (19,0), (19,1), (19,2), (19,3), (19,4), (19,5), (19,6), (19,7), (19,8), (19,9), (19,10), (19,11), (19,12), (19,13), (19,14), (19,15), (19,16), (19,17)]
Rule 0 (ColumnRule): [(20,19), (20,20), (20,0), (20,1), (20,2), (20,3), (20,4), (20,5), (20,6), (20,7), (20,8), (20,9), (20,10), (20,11), (20,12), (20,13), (20,14), (20,15), (20,16), (20,17), (20,18)]

Rules Cell:
Cell (0, 0): [0, 21, 42]
Cell (1, 0): [0, 21, 43]
Cell (2, 0): [0, 21, 44]
Cell (3, 0): [0, 21, 45]
Cell (4, 0): [0, 21, 46]
Cell (5, 0): [0, 21, 47]
Cell (6, 0): [0, 21, 48]
Cell (7, 0): [1, 21, 49]
Cell (8, 0): [1, 21, 50]
Cell (9, 0): [1, 21, 51]
Cell (10, 0): [1, 21, 52]
Cell (11, 0): [1, 21, 53]
Cell (12, 0): [1, 21, 54]
Cell (13, 0): [1, 21, 55]
Cell (14, 0): [2, 21, 56]
Cell (15, 0): [2, 21, 57]
Cell (16, 0): [2, 21, 58]
Cell (17, 0): [2, 21, 59]
Cell (18, 0): [2, 21, 60]
Cell (19, 0): [2, 21, 61]
Cell (20, 0): [2, 21, 62]
Cell (0, 1): [0, 22, 42]
Cell (1, 1): [0, 22, 43]
Cell (2, 1): [0, 22, 44]
Cell (3, 1): [0, 22, 45]
Cell (4, 1): [0, 22, 46]
Cell (5, 1): [0, 22, 47]
Cell (6, 1): [0, 22, 48]
Cell (7, 1): [1, 22, 49]
Cell (8, 1): [1, 22, 50]
Cell (9, 1): [1, 22, 51]
Cell (10, 1): [1, 22, 52]
Cell (11, 1): [1, 22, 53]
Cell (12, 1): [1, 22, 54]
Cell (13, 1): [1, 22, 55]
Cell (14, 1): [2, 22, 56]
Cell (15, 1): [2, 22, 57]
Cell (16, 1): [2, 22, 58]
Cell (17, 1): [2, 22, 59]
Cell (18, 1): [2, 22, 60]
Cell (19, 1): [2, 22, 61]
Cell (20, 1): [2, 22, 62]
Cell (0, 2): [0, 23, 42]
Cell (1, 2): [0, 23, 43]
Cell (2, 2): [0, 23, 44]
Cell (3, 2): [0, 23, 45]
Cell (4, 2): [0, 23, 46]
Cell (5, 2): [0, 23, 47]
Cell (6, 2): [0, 23, 48]
Cell (7, 2): [1, 23, 49]
Cell (8, 2): [1, 23, 50]
Cell (9, 2): [1, 23, 51]
Cell (10, 2): [1, 23, 52]
Cell (11, 2): [1, 23, 53]
Cell (12, 2): [1, 23, 54]
Cell (13, 2): [1, 23, 55]
Cell (14, 2): [2, 23, 56]
Cell (15, 2): [2, 23, 57]
Cell (16, 2): [2, 23, 58]
Cell (17, 2): [2, 23, 59]
Cell (18, 2): [2, 23, 60]
Cell (19, 2): [2, 23, 61]
Cell (20, 2): [2, 23, 62]
Cell (0, 3): [3, 24, 42]
Cell (1, 3): [3, 24, 43]
Cell (2, 3): [3, 24, 44]
Cell (3, 3): [3, 24, 45]
Cell (4, 3): [3, 24, 46]
Cell (5, 3): [3, 24, 47]
Cell (6, 3): [3, 24, 48]
Cell (7, 3): [4, 24, 49]
Cell (8, 3): [4, 24, 50]
Cell (9, 3): [4, 24, 51]
Cell (10, 3): [4, 24, 52]
Cell (11, 3): [4, 24, 53]
Cell (12, 3): [4, 24, 54]
Cell (13, 3): [4, 24, 55]
Cell (14, 3): [5, 24, 56]
Cell (15, 3): [5, 24, 57]
Cell (16, 3): [5, 24, 58]
Cell (17, 3): [5, 24, 59]
Cell (18, 3): [5, 24, 60]
Cell (19, 3): [5, 24, 61]
Cell (20, 3): [5, 24, 62]
Cell (0, 4): [3, 25, 42]
Cell (1, 4): [3, 25, 43]
Cell (2, 4): [3, 25, 44]
Cell (3, 4): [3, 25, 45]
Cell (4, 4): [3, 25, 46]
Cell (5, 4): [3, 25, 47]
Cell (6, 4): [3, 25, 48]
Cell (7, 4): [4, 25, 49]
Cell (8, 4): [4, 25, 50]
Cell (9, 4): [4, 25, 51]
Cell (10, 4): [4, 25, 52]
Cell (11, 4): [4, 25, 53]
Cell (12, 4): [4, 25, 54]
Cell (13, 4): [4, 25, 55]
Cell (14, 4): [5, 25, 56]
Cell (15, 4): [5, 25, 57]
Cell (16, 4): [5, 25, 58]
Cell (17, 4): [5, 25, 59]
Cell (18, 4): [5, 25, 60]
Cell (19, 4): [5, 25, 61]
Cell (20, 4): [5, 25, 62]
Cell (0, 5): [3, 26, 42]
Cell (1, 5): [3, 26, 43]
Cell (2, 5): [3, 26, 44]
Cell (3, 5): [3, 26, 45]
Cell (4, 5): [3, 26, 46]
Cell (5, 5): [3, 26, 47]
Cell (6, 5): [3, 26, 48]
Cell (7, 5): [4, 26, 49]
Cell (8, 5): [4, 26, 50]
Cell (9, 5): [4, 26, 51]
Cell (10, 5): [4, 26, 52]
Cell (11, 5): [4, 26, 53]
Cell (12, 5): [4, 26, 54]
Cell (13, 5): [4, 26, 55]
Cell (14, 5): [5, 26, 56]
Cell (15, 5): [5, 26, 57]
Cell (16, 5): [5, 26, 58]
Cell (17, 5): [5, 26, 59]
Cell (18, 5): [5, 26, 60]
Cell (19, 5): [5, 26, 61]
Cell (20, 5): [5, 26, 62]
Cell (0, 6): [6, 27, 42]
Cell (1, 6): [6, 27, 43]
Cell (2, 6): [6, 27, 44]
Cell (3, 6): [6, 27, 45]
Cell (4, 6): [6, 27, 46]
Cell (5, 6): [6, 27, 47]
Cell (6, 6): [6, 27, 48]
Cell (7, 6): [7, 27, 49]
Cell (8, 6): [7, 27, 50]
Cell (9, 6): [7, 27, 51]
Cell (10, 6): [7, 27, 52]
Cell (11, 6): [7, 27, 53]
Cell (12, 6): [7, 27, 54]
Cell (13, 6): [7, 27, 55]
Cell (14, 6): [8, 27, 56]
Cell (15, 6): [8, 27, 57]
Cell (16, 6): [8, 27, 58]
Cell (17, 6): [8, 27, 59]
Cell (18, 6): [8, 27, 60]
Cell (19, 6): [8, 27, 61]
Cell (20, 6): [8, 27, 62]
Cell (0, 7): [6, 28, 42]
Cell (1, 7): [6, 28, 43]
Cell (2, 7): [6, 28, 44]
Cell (3, 7): [6, 28, 45]
Cell (4, 7): [6, 28, 46]
Cell (5, 7): [6, 28, 47]
Cell (6, 7): [6, 28, 48]
Cell (7, 7): [7, 28, 49]
Cell (8, 7): [7, 28, 50]
Cell (9, 7): [7, 28, 51]
Cell (10, 7): [7, 28, 52]
Cell (11, 7): [7, 28, 53]
Cell (12, 7): [7, 28, 54]
Cell (13, 7): [7, 28, 55]
Cell (14, 7): [8, 28, 56]
Cell (15, 7): [8, 28, 57]
Cell (16, 7): [8, 28, 58]
Cell (17, 7): [8, 28, 59]
Cell (18, 7): [8, 28, 60]
Cell (19, 7): [8, 28, 61]
Cell (20, 7): [8, 28, 62]
Cell (0, 8): [6, 29, 42]
Cell (1, 8): [6, 29, 43]
Cell (2, 8): [6, 29, 44]
Cell (3, 8): [6, 29, 45]
Cell (4, 8): [6, 29, 46]
Cell (5, 8): [6, 29, 47]
Cell (6, 8): [6, 29, 48]
Cell (7, 8): [7, 29, 49]
Cell (8, 8): [7, 29, 50]
Cell (9, 8): [7, 29, 51]
Cell (10, 8): [7, 29, 52]
Cell (11, 8): [7, 29, 53]
Cell (12, 8): [7, 29, 54]
Cell (13, 8): [7, 29, 55]
Cell (14, 8): [8, 29, 56]
Cell (15, 8): [8, 29, 57]
Cell (16, 8): [8, 29, 58]
Cell (17, 8): [8, 29, 59]
Cell (18, 8): [8, 29, 60]
Cell (19, 8): [8, 29, 61]
Cell (20, 8): [8, 29, 62]
Cell (0, 9): [9, 30, 42]
Cell (1, 9): [9, 30, 43]
Cell (2, 9): [9, 30, 44]
Cell (3, 9): [9, 30, 45]
Cell (4, 9): [9, 30, 46]
Cell (5, 9): [9, 30, 47]
Cell (6, 9): [9, 30, 48]
Cell (7, 9): [10, 30, 49]
Cell (8, 9): [10, 30, 50]
Cell (9, 9): [10, 30, 51]
Cell (10, 9): [10, 30, 52]
Cell (11, 9): [10, 30, 53]
Cell (12, 9): [10, 30, 54]
Cell (13, 9): [10, 30, 55]
Cell (14, 9): [11, 30, 56]
Cell (15, 9): [11, 30, 57]
Cell (16, 9): [11, 30, 58]
Cell (17, 9): [11, 30, 59]
Cell (18, 9): [11, 30, 60]
Cell (19, 9): [11, 30, 61]
Cell (20, 9): [11, 30, 62]
Cell (0, 10): [9, 31, 42]
Cell (1, 10): [9, 31, 43]
Cell (2, 10): [9, 31, 44]
Cell (3, 10): [9, 31, 45]
Cell (4, 10): [9, 31, 46]
Cell (5, 10): [9, 31, 47]
Cell (6, 10): [9, 31, 48]
Cell (7, 10): [10, 31, 49]
Cell (8, 10): [10, 31, 50]
Cell (9, 10): [10, 31, 51]
Cell (10, 10): [10, 31, 52]
Cell (11, 10): [10, 31, 53]
Cell (12, 10): [10, 31, 54]
Cell (13, 10): [10, 31, 55]
Cell (14, 10): [11, 31, 56]
Cell (15, 10): [11, 31, 57]
Cell (16, 10): [11, 31, 58]
Cell (17, 10): [11, 31, 59]
Cell (18, 10): [11, 31, 60]
Cell (19, 10): [11, 31, 61]
Cell (20, 10): [11, 31, 62]
Cell (0, 11): [9, 32, 42]
Cell (1, 11): [9, 32, 43]
Cell (2, 11): [9, 32, 44]
Cell (3, 11): [9, 32, 45]
Cell (4, 11): [9, 32, 46]
Cell (5, 11): [9, 32, 47]
Cell (6, 11): [9, 32, 48]
Cell (7, 11): [10, 32, 49]
Cell (8, 11): [10, 32, 50]
Cell (9, 11): [10, 32, 51]
Cell (10, 11): [10, 32, 52]
Cell (11, 11): [10, 32, 53]
Cell (12, 11): [10, 32, 54]
Cell (13, 11): [10, 32, 55]
Cell (14, 11): [11, 32, 56]
Cell (15, 11): [11, 32, 57]
Cell (16, 11): [11, 32, 58]
Cell (17, 11): [11, 32, 59]
Cell (18, 11): [11, 32, 60]
Cell (19, 11): [11, 32, 61]
Cell (20, 11): [11, 32, 62]
Cell (0, 12): [12, 33, 42]
Cell (1, 12): [12, 33, 43]
Cell (2, 12): [12, 33, 44]
Cell (3, 12): [12, 33, 45]
Cell (4, 12): [12, 33, 46]
Cell (5, 12): [12, 33, 47]
Cell (6, 12): [12, 33, 48]
Cell (7, 12): [13, 33, 49]
Cell (8, 12): [13, 33, 50]
Cell (9, 12): [13, 33, 51]
Cell (10, 12): [13, 33, 52]
Cell (11, 12): [13, 33, 53]
Cell (12, 12): [13, 33, 54]
Cell (13, 12): [13, 33, 55]
Cell (14, 12): [14, 33, 56]
Cell (15, 12): [14, 33, 57]
Cell (16, 12): [14, 33, 58]
Cell (17, 12): [14, 33, 59]
Cell (18, 12): [14, 33, 60]
Cell (19, 12): [14, 33, 61]
Cell (20, 12): [14, 33, 62]
Cell (0, 13): [12, 34, 42]
Cell (1, 13): [12, 34, 43]
Cell (2, 13): [12, 34, 44]
Cell (3, 13): [12, 34, 45]
Cell (4, 13): [12, 34, 46]
Cell (5, 13): [12, 34, 47]
Cell (6, 13): [12, 34, 48]
Cell (7, 13): [13, 34, 49]
Cell (8, 13): [13, 34, 50]
Cell (9, 13): [13, 34, 51]
Cell (10, 13): [13, 34, 52]
Cell (11, 13): [13, 34, 53]
Cell (12, 13): [13, 34, 54]
Cell (13, 13): [13, 34, 55]
Cell (14, 13): [14, 34, 56]
Cell (15, 13): [14, 34, 57]
Cell (16, 13): [14, 34, 58]
Cell (17, 13): [14, 34, 59]
Cell (18, 13): [14, 34, 60]
Cell (19, 13): [14, 34, 61]
Cell (20, 13): [14, 34, 62]
Cell (0, 14): [12, 35, 42]
Cell (1, 14): [12, 35, 43]
Cell (2, 14): [12, 35, 44]
Cell (3, 14): [12, 35, 45]
Cell (4, 14): [12, 35, 46]
Cell (5, 14): [12, 35, 47]
Cell (6, 14): [12, 35, 48]
Cell (7, 14): [13, 35, 49]
Cell (8, 14): [13, 35, 50]
Cell (9, 14): [13, 35, 51]
Cell (10, 14): [13, 35, 52]
Cell (11, 14): [13, 35, 53]
Cell (12, 14): [13, 35, 54]
Cell (13, 14): [13, 35, 55]
Cell (14, 14): [14, 35, 56]
Cell (15, 14): [14, 35, 57]
Cell (16, 14): [14, 35, 58]
Cell (17, 14): [14, 35, 59]
Cell (18, 14): [14, 35, 60]
Cell (19, 14): [14, 35, 61]
Cell (20, 14): [14, 35, 62]
Cell (0, 15): [15, 36, 42]
Cell (1, 15): [15, 36, 43]
Cell (2, 15): [15, 36, 44]
Cell (3, 15): [15, 36, 45]
Cell (4, 15): [15, 36, 46]
Cell (5, 15): [15, 36, 47]
Cell (6, 15): [15, 36, 48]
Cell (7, 15): [16, 36, 49]
Cell (8, 15): [16, 36, 50]
Cell (9, 15): [16, 36, 51]
Cell (10, 15): [16, 36, 52]
Cell (11, 15): [16, 36, 53]
Cell (12, 15): [16, 36, 54]
Cell (13, 15): [16, 36, 55]
Cell (14, 15): [17, 36, 56]
Cell (15, 15): [17, 36, 57]
Cell (16, 15): [17, 36, 58]
Cell (17, 15): [17, 36, 59]
Cell (18, 15): [17, 36, 60]
Cell (19, 15): [17, 36, 61]
Cell (20, 15): [17, 36, 62]
Cell (0, 16): [15, 37, 42]
Cell (1, 16): [15, 37, 43]
Cell (2, 16): [15, 37, 44]
Cell (3, 16): [15, 37, 45]
Cell (4, 16): [15, 37, 46]
Cell (5, 16): [15, 37, 47]
Cell (6, 16): [15, 37, 48]
Cell (7, 16): [16, 37, 49]
Cell (8, 16): [16, 37, 50]
Cell (9, 16): [16, 37, 51]
Cell (10, 16): [16, 37, 52]
Cell (11, 16): [16, 37, 53]
Cell (12, 16): [16, 37, 54]
Cell (13, 16): [16, 37, 55]
Cell (14, 16): [17, 37, 56]
Cell (15, 16): [17, 37, 57]
Cell (16, 16): [17, 37, 58]
Cell (17, 16): [17, 37, 59]
Cell (18, 16): [17, 37, 60]
Cell (19, 16): [17, 37, 61]
Cell (20, 16): [17, 37, 62]
Cell (0, 17): [15, 38, 42]
Cell (1, 17): [15, 38, 43]
Cell (2, 17): [15, 38, 44]
Cell (3, 17): [15, 38, 45]
Cell (4, 17): [15, 38, 46]
Cell (5, 17): [15, 38, 47]
Cell (6, 17): [15, 38, 48]
Cell (7, 17): [16, 38, 49]
Cell (8, 17): [16, 38, 50]
Cell (9, 17): [16, 38, 51]
Cell (10, 17): [16, 38, 52]
Cell (11, 17): [16, 38, 53]
Cell (12, 17): [16, 38, 54]
Cell (13, 17): [16, 38, 55]
Cell (14, 17): [17, 38, 56]
Cell (15, 17): [17, 38, 57]
Cell (16, 17): [17, 38, 58]
Cell (17, 17): [17, 38, 59]
Cell (18, 17): [17, 38, 60]
Cell (19, 17): [17, 38, 61]
Cell (20, 17): [17, 38, 62]
Cell (0, 18): [18, 39, 42]
Cell (1, 18): [18, 39, 43]
Cell (2, 18): [18, 39, 44]
Cell (3, 18): [18, 39, 45]
Cell (4, 18): [18, 39, 46]
Cell (5, 18): [18, 39, 47]
Cell (6, 18): [18, 39, 48]
Cell (7, 18): [19, 39, 49]
Cell (8, 18): [19, 39, 50]
Cell (9, 18): [19, 39, 51]
Cell (10, 18): [19, 39, 52]
Cell (11, 18): [19, 39, 53]
Cell (12, 18): [19, 39, 54]
Cell (13, 18): [19, 39, 55]
Cell (14, 18): [20, 39, 56]
Cell (15, 18): [20, 39, 57]
Cell (16, 18): [20, 39, 58]
Cell (17, 18): [20, 39, 59]
Cell (18, 18): [20, 39, 60]
Cell (19, 18): [20, 39, 61]
Cell (20, 18): [20, 39, 62]
Cell (0, 19): [18, 40, 42]
Cell (1, 19): [18, 40, 43]
Cell (2, 19): [18, 40, 44]
Cell (3, 19): [18, 40, 45]
Cell (4, 19): [18, 40, 46]
Cell (5, 19): [18, 40, 47]
Cell (6, 19): [18, 40, 48]
Cell (7, 19): [19, 40, 49]
Cell (8, 19): [19, 40, 50]
Cell (9, 19): [19, 40, 51]
Cell (10, 19): [19, 40, 52]
Cell (11, 19): [19, 40, 53]
Cell (12, 19): [19, 40, 54]
Cell (13, 19): [19, 40, 55]
Cell (14, 19): [20, 40, 56]
Cell (15, 19): [20, 40, 57]
Cell (16, 19): [20, 40, 58]
Cell (17, 19): [20, 40, 59]
Cell (18, 19): [20, 40, 60]
Cell (19, 19): [20, 40, 61]
Cell (20, 19): [20, 40, 62]
Cell (0, 20): [18, 41, 42]
Cell (1, 20): [18, 41, 43]
Cell (2, 20): [18, 41, 44]
Cell (3, 20): [18, 41, 45]
Cell (4, 20): [18, 41, 46]
Cell (5, 20): [18, 41, 47]
Cell (6, 20): [18, 41, 48]
Cell (7, 20): [19, 41, 49]
Cell (8, 20): [19, 41, 50]
Cell (9, 20): [19, 41, 51]
Cell (10, 20): [19, 41, 52]
Cell (11, 20): [19, 41, 53]
Cell (12, 20): [19, 41, 54]
Cell (13, 20): [19, 41, 55]
Cell (14, 20): [20, 41, 56]
Cell (15, 20): [20, 41, 57]
Cell (16, 20): [20, 41, 58]
Cell (17, 20): [20, 41, 59]
Cell (18, 20): [20, 41, 60]
Cell (19, 20): [20, 41, 61]
Cell (20, 20): [20, 41, 62]

Grid:
11 12 13 14 15 16 17 18 19 1 2 3 4 5 6 7 8 9 20 10 21 
18 19 1 2 3 4 5 6 7 8 9 20 10 21 11 12 13 14 15 16 17 
6 7 8 9 20 10 21 11 12 13 14 15 16 17 18 19 1 2 3 4 5 
12 4 11 13 14 15 16 7 20 17 1 2 3 18 8 10 21 6 9 5 19 
20 10 21 3 7 9 18 19 6 4 5 8 12 15 1 16 14 17 11 13 2 
19 5 17 1 6 8 2 16 9 10 11 21 13 14 15 18 4 7 12 3 20 
13 11 4 19 12 14 15 10 17 2 6 18 9 1 21 5 3 8 7 20 16 
8 16 5 20 2 17 1 3 13 7 21 12 11 19 14 15 9 18 4 6 10 
9 6 7 10 21 18 3 4 16 15 8 14 5 20 17 13 19 12 1 2 11 
14 13 15 6 4 1 11 20 10 18 7 5 21 2 3 8 17 16 19 9 12 
5 17 16 7 8 2 12 14 1 9 3 6 19 13 20 21 11 10 18 15 4 
10 18 20 21 9 3 19 12 15 11 16 4 17 8 2 14 6 13 5 1 7 
15 14 19 16 17 5 8 2 3 6 12 1 18 10 4 9 7 20 21 11 13 
1 9 2 11 13 6 20 5 21 14 15 16 7 4 12 17 18 19 10 8 3 
4 21 3 12 18 7 10 17 11 19 20 13 8 9 16 1 15 5 2 14 6 
16 15 6 17 11 13 4 8 18 3 19 7 20 12 10 2 5 1 14 21 9 
7 8 12 18 19 21 14 9 2 5 4 10 1 11 13 20 16 3 6 17 15 
2 3 10 5 1 20 9 21 14 16 13 17 15 6 19 4 12 11 8 7 18 
17 1 14 15 5 12 6 13 4 20 18 9 2 3 7 11 10 21 16 19 8 
3 2 18 8 16 11 13 15 5 21 10 19 14 7 9 6 20 4 17 12 1 
21 20 9 4 10 19 7 1 8 12 17 11 6 16 5 3 2 15 13 18 14 
