Size: 11x11

Symboles : [11, 1, 2, 3, 4, 5, 6, 7, 8, 9, 10]

Rules:
Rule 0 (BlockRule): [(0,0), (0,1), (0,2), (0,3), (0,4), (0,5), (0,6), (0,7), (0,8), (0,9), (0,10)]
Rule 0 (BlockRule): [(1,0), (1,1), (1,2), (1,3), (1,4), (1,5), (1,6), (1,7), (1,8), (1,9), (1,10)]
Rule 0 (BlockRule): [(2,1), (2,2), (2,3), (2,4), (2,5), (2,6), (2,7), (2,8), (2,9), (2,10), (2,0)]
Rule 0 (BlockRule): [(3,2), (3,3), (3,4), (3,5), (3,6), (3,7), (3,8), (3,9), (3,10), (3,0), (3,1)]
Rule 0 (BlockRule): [(4,3), (4,4), (4,5), (4,6), (4,7), (4,8), (4,9), (4,10), (4,0), (4,1), (4,2)]
Rule 0 (BlockRule): [(5,4), (5,5), (5,6), (5,7), (5,8), (5,9), (5,10), (5,0), (5,1), (5,2), (5,3)]
Rule 0 (BlockRule): [(6,5), (6,6), (6,7), (6,8), (6,9), (6,10), (6,0), (6,1), (6,2), (6,3), (6,4)]
Rule 0 (BlockRule): [(7,6), (7,7), (7,8), (7,9), (7,10), (7,0), (7,1), (7,2), (7,3), (7,4), (7,5)]
Rule 0 (BlockRule): [(8,7), (8,8), (8,9), (8,10), (8,0), (8,1), (8,2), (8,3), (8,4), (8,5), (8,6)]
Rule 0 (BlockRule): [(9,8), (9,9), (9,10), (9,0), (9,1), (9,2), (9,3), (9,4), (9,5), (9,6), (9,7)]
Rule 0 (BlockRule): [(10,9), (10,10), (10,0), (10,1), (10,2), (10,3), (10,4), (10,5), (10,6), (10,7), (10,8)]
Rule 0 (RowRule): [(1,0), (0,0), (10,0), (9,0), (8,0), (7,0), (6,0), (5,0), (4,0), (3,0), (2,0)]
Rule 0 (RowRule): [(2,1), (1,1), (0,1), (10,1), (9,1), (8,1), (7,1), (6,1), (5,1), (4,1), (3,1)]
Rule 0 (RowRule): [(3,2), (2,2), (1,2), (0,2), (10,2), (9,2), (8,2), (7,2), (6,2), (5,2), (4,2)]
Rule 0 (RowRule): [(4,3), (3,3), (2,3), (1,3), (0,3), (10,3), (9,3), (8,3), (7,3), (6,3), (5,3)]
Rule 0 (RowRule): [(5,4), (4,4), (3,4), (2,4), (1,4), (0,4), (10,4), (9,4), (8,4), (7,4), (6,4)]
Rule 0 (RowRule): [(6,5), (5,5), (4,5), (3,5), (2,5), (1,5), (0,5), (10,5), (9,5), (8,5), (7,5)]
Rule 0 (RowRule): [(7,6), (6,6), (5,6), (4,6), (3,6), (2,6), (1,6), (0,6), (10,6), (9,6), (8,6)]
Rule 0 (RowRule): [(8,7), (7,7), (6,7), (5,7), (4,7), (3,7), (2,7), (1,7), (0,7), (10,7), (9,7)]
Rule 0 (RowRule): [(9,8), (8,8), (7,8), (6,8), (5,8), (4,8), (3,8), (2,8), (1,8), (0,8), (10,8)]
Rule 0 (RowRule): [(10,9), (9,9), (8,9), (7,9), (6,9), (5,9), (4,9), (3,9), (2,9), (1,9), (0,9)]
Rule 0 (RowRule): [(10,10), (9,10), (8,10), (7,10), (6,10), (5,10), (4,10), (3,10), (2,10), (1,10), (0,10)]

Rules Cell:
Cell (0, 0): [0, 11]
Cell (1, 0): [1, 11]
Cell (2, 0): [2, 11]
Cell (3, 0): [3, 11]
Cell (4, 0): [4, 11]
Cell (5, 0): [5, 11]
Cell (6, 0): [6, 11]
Cell (7, 0): [7, 11]
Cell (8, 0): [8, 11]
Cell (9, 0): [9, 11]
Cell (10, 0): [10, 11]
Cell (0, 1): [0, 12]
Cell (1, 1): [1, 12]
Cell (2, 1): [2, 12]
Cell (3, 1): [3, 12]
Cell (4, 1): [4, 12]
Cell (5, 1): [5, 12]
Cell (6, 1): [6, 12]
Cell (7, 1): [7, 12]
Cell (8, 1): [8, 12]
Cell (9, 1): [9, 12]
Cell (10, 1): [10, 12]
Cell (0, 2): [0, 13]
Cell (1, 2): [1, 13]
Cell (2, 2): [2, 13]
Cell (3, 2): [3, 13]
Cell (4, 2): [4, 13]
Cell (5, 2): [5, 13]
Cell (6, 2): [6, 13]
Cell (7, 2): [7, 13]
Cell (8, 2): [8, 13]
Cell (9, 2): [9, 13]
Cell (10, 2): [10, 13]
Cell (0, 3): [0, 14]
Cell (1, 3): [1, 14]
Cell (2, 3): [2, 14]
Cell (3, 3): [3, 14]
Cell (4, 3): [4, 14]
Cell (5, 3): [5, 14]
Cell (6, 3): [6, 14]
Cell (7, 3): [7, 14]
Cell (8, 3): [8, 14]
Cell (9, 3): [9, 14]
Cell (10, 3): [10, 14]
Cell (0, 4): [0, 15]
Cell (1, 4): [1, 15]
Cell (2, 4): [2, 15]
Cell (3, 4): [3, 15]
Cell (4, 4): [4, 15]
Cell (5, 4): [5, 15]
Cell (6, 4): [6, 15]
Cell (7, 4): [7, 15]
Cell (8, 4): [8, 15]
Cell (9, 4): [9, 15]
Cell (10, 4): [10, 15]
Cell (0, 5): [0, 16]
Cell (1, 5): [1, 16]
Cell (2, 5): [2, 16]
Cell (3, 5): [3, 16]
Cell (4, 5): [4, 16]
Cell (5, 5): [5, 16]
Cell (6, 5): [6, 16]
Cell (7, 5): [7, 16]
Cell (8, 5): [8, 16]
Cell (9, 5): [9, 16]
Cell (10, 5): [10, 16]
Cell (0, 6): [0, 17]
Cell (1, 6): [1, 17]
Cell (2, 6): [2, 17]
Cell (3, 6): [3, 17]
Cell (4, 6): [4, 17]
Cell (5, 6): [5, 17]
Cell (6, 6): [6, 17]
Cell (7, 6): [7, 17]
Cell (8, 6): [8, 17]
Cell (9, 6): [9, 17]
Cell (10, 6): [10, 17]
Cell (0, 7): [0, 18]
Cell (1, 7): [1, 18]
Cell (2, 7): [2, 18]
Cell (3, 7): [3, 18]
Cell (4, 7): [4, 18]
Cell (5, 7): [5, 18]
Cell (6, 7): [6, 18]
Cell (7, 7): [7, 18]
Cell (8, 7): [8, 18]
Cell (9, 7): [9, 18]
Cell (10, 7): [10, 18]
Cell (0, 8): [0, 19]
Cell (1, 8): [1, 19]
Cell (2, 8): [2, 19]
Cell (3, 8): [3, 19]
Cell (4, 8): [4, 19]
Cell (5, 8): [5, 19]
Cell (6, 8): [6, 19]
Cell (7, 8): [7, 19]
Cell (8, 8): [8, 19]
Cell (9, 8): [9, 19]
Cell (10, 8): [10, 19]
Cell (0, 9): [0, 20]
Cell (1, 9): [1, 20]
Cell (2, 9): [2, 20]
Cell (3, 9): [3, 20]
Cell (4, 9): [4, 20]
Cell (5, 9): [5, 20]
Cell (6, 9): [6, 20]
Cell (7, 9): [7, 20]
Cell (8, 9): [8, 20]
Cell (9, 9): [9, 20]
Cell (10, 9): [10, 20]
Cell (0, 10): [0, 21]
Cell (1, 10): [1, 21]
Cell (2, 10): [2, 21]
Cell (3, 10): [3, 21]
Cell (4, 10): [4, 21]
Cell (5, 10): [5, 21]
Cell (6, 10): [6, 21]
Cell (7, 10): [7, 21]
Cell (8, 10): [8, 21]
Cell (9, 10): [9, 21]
Cell (10, 10): [10, 21]

Grid:
11 1 2 3 4 5 6 7 8 9 10 
1 10 11 2 3 4 5 6 7 8 9 
2 11 9 10 1 3 4 5 6 7 8 
3 2 7 8 9 10 11 1 4 5 6 
4 3 1 5 7 6 9 8 10 11 2 
5 4 3 7 8 9 10 2 1 6 11 
6 5 4 11 2 7 8 9 3 10 1 
7 6 5 9 11 8 1 10 2 3 4 
8 7 6 1 10 11 2 3 9 4 5 
9 8 10 4 6 1 3 11 5 2 7 
10 9 8 6 5 2 7 4 11 1 3 
