Size: 17x17

Symboles : [11, 12, 13, 14, 15, 16, 17, 1, 2, 3, 4, 5, 6, 7, 8, 9, 10]

Rules:
Rule 0 (BlockRule): [(0,0), (0,1), (0,2), (0,3), (0,4), (0,5), (0,6), (0,7), (0,8), (0,9), (0,10), (0,11), (0,12), (0,13), (0,14), (0,15), (0,16)]
Rule 0 (BlockRule): [(1,0), (1,1), (1,2), (1,3), (1,4), (1,5), (1,6), (1,7), (1,8), (1,9), (1,10), (1,11), (1,12), (1,13), (1,14), (1,15), (1,16)]
Rule 0 (BlockRule): [(2,1), (2,2), (2,3), (2,4), (2,5), (2,6), (2,7), (2,8), (2,9), (2,10), (2,11), (2,12), (2,13), (2,14), (2,15), (2,16), (2,0)]
Rule 0 (BlockRule): [(3,2), (3,3), (3,4), (3,5), (3,6), (3,7), (3,8), (3,9), (3,10), (3,11), (3,12), (3,13), (3,14), (3,15), (3,16), (3,0), (3,1)]
Rule 0 (BlockRule): [(4,3), (4,4), (4,5), (4,6), (4,7), (4,8), (4,9), (4,10), (4,11), (4,12), (4,13), (4,14), (4,15), (4,16), (4,0), (4,1), (4,2)]
Rule 0 (BlockRule): [(5,4), (5,5), (5,6), (5,7), (5,8), (5,9), (5,10), (5,11), (5,12), (5,13), (5,14), (5,15), (5,16), (5,0), (5,1), (5,2), (5,3)]
Rule 0 (BlockRule): [(6,5), (6,6), (6,7), (6,8), (6,9), (6,10), (6,11), (6,12), (6,13), (6,14), (6,15), (6,16), (6,0), (6,1), (6,2), (6,3), (6,4)]
Rule 0 (BlockRule): [(7,6), (7,7), (7,8), (7,9), (7,10), (7,11), (7,12), (7,13), (7,14), (7,15), (7,16), (7,0), (7,1), (7,2), (7,3), (7,4), (7,5)]
Rule 0 (BlockRule): [(8,7), (8,8), (8,9), (8,10), (8,11), (8,12), (8,13), (8,14), (8,15), (8,16), (8,0), (8,1), (8,2), (8,3), (8,4), (8,5), (8,6)]
Rule 0 (BlockRule): [(9,8), (9,9), (9,10), (9,11), (9,12), (9,13), (9,14), (9,15), (9,16), (9,0), (9,1), (9,2), (9,3), (9,4), (9,5), (9,6), (9,7)]
Rule 0 (BlockRule): [(10,9), (10,10), (10,11), (10,12), (10,13), (10,14), (10,15), (10,16), (10,0), (10,1), (10,2), (10,3), (10,4), (10,5), (10,6), (10,7), (10,8)]
Rule 0 (BlockRule): [(11,10), (11,11), (11,12), (11,13), (11,14), (11,15), (11,16), (11,0), (11,1), (11,2), (11,3), (11,4), (11,5), (11,6), (11,7), (11,8), (11,9)]
Rule 0 (BlockRule): [(12,11), (12,12), (12,13), (12,14), (12,15), (12,16), (12,0), (12,1), (12,2), (12,3), (12,4), (12,5), (12,6), (12,7), (12,8), (12,9), (12,10)]
Rule 0 (BlockRule): [(13,12), (13,13), (13,14), (13,15), (13,16), (13,0), (13,1), (13,2), (13,3), (13,4), (13,5), (13,6), (13,7), (13,8), (13,9), (13,10), (13,11)]
Rule 0 (BlockRule): [(14,13), (14,14), (14,15), (14,16), (14,0), (14,1), (14,2), (14,3), (14,4), (14,5), (14,6), (14,7), (14,8), (14,9), (14,10), (14,11), (14,12)]
Rule 0 (BlockRule): [(15,14), (15,15), (15,16), (15,0), (15,1), (15,2), (15,3), (15,4), (15,5), (15,6), (15,7), (15,8), (15,9), (15,10), (15,11), (15,12), (15,13)]
Rule 0 (BlockRule): [(16,15), (16,16), (16,0), (16,1), (16,2), (16,3), (16,4), (16,5), (16,6), (16,7), (16,8), (16,9), (16,10), (16,11), (16,12), (16,13), (16,14)]
Rule 0 (RowRule): [(1,0), (0,0), (16,0), (15,0), (14,0), (13,0), (12,0), (11,0), (10,0), (9,0), (8,0), (7,0), (6,0), (5,0), (4,0), (3,0), (2,0)]
Rule 0 (RowRule): [(2,1), (1,1), (0,1), (16,1), (15,1), (14,1), (13,1), (12,1), (11,1), (10,1), (9,1), (8,1), (7,1), (6,1), (5,1), (4,1), (3,1)]
Rule 0 (RowRule): [(3,2), (2,2), (1,2), (0,2), (16,2), (15,2), (14,2), (13,2), (12,2), (11,2), (10,2), (9,2), (8,2), (7,2), (6,2), (5,2), (4,2)]
Rule 0 (RowRule): [(4,3), (3,3), (2,3), (1,3), (0,3), (16,3), (15,3), (14,3), (13,3), (12,3), (11,3), (10,3), (9,3), (8,3), (7,3), (6,3), (5,3)]
Rule 0 (RowRule): [(5,4), (4,4), (3,4), (2,4), (1,4), (0,4), (16,4), (15,4), (14,4), (13,4), (12,4), (11,4), (10,4), (9,4), (8,4), (7,4), (6,4)]
Rule 0 (RowRule): [(6,5), (5,5), (4,5), (3,5), (2,5), (1,5), (0,5), (16,5), (15,5), (14,5), (13,5), (12,5), (11,5), (10,5), (9,5), (8,5), (7,5)]
Rule 0 (RowRule): [(7,6), (6,6), (5,6), (4,6), (3,6), (2,6), (1,6), (0,6), (16,6), (15,6), (14,6), (13,6), (12,6), (11,6), (10,6), (9,6), (8,6)]
Rule 0 (RowRule): [(8,7), (7,7), (6,7), (5,7), (4,7), (3,7), (2,7), (1,7), (0,7), (16,7), (15,7), (14,7), (13,7), (12,7), (11,7), (10,7), (9,7)]
Rule 0 (RowRule): [(9,8), (8,8), (7,8), (6,8), (5,8), (4,8), (3,8), (2,8), (1,8), (0,8), (16,8), (15,8), (14,8), (13,8), (12,8), (11,8), (10,8)]
Rule 0 (RowRule): [(10,9), (9,9), (8,9), (7,9), (6,9), (5,9), (4,9), (3,9), (2,9), (1,9), (0,9), (16,9), (15,9), (14,9), (13,9), (12,9), (11,9)]
Rule 0 (RowRule): [(11,10), (10,10), (9,10), (8,10), (7,10), (6,10), (5,10), (4,10), (3,10), (2,10), (1,10), (0,10), (16,10), (15,10), (14,10), (13,10), (12,10)]
Rule 0 (RowRule): [(12,11), (11,11), (10,11), (9,11), (8,11), (7,11), (6,11), (5,11), (4,11), (3,11), (2,11), (1,11), (0,11), (16,11), (15,11), (14,11), (13,11)]
Rule 0 (RowRule): [(13,12), (12,12), (11,12), (10,12), (9,12), (8,12), (7,12), (6,12), (5,12), (4,12), (3,12), (2,12), (1,12), (0,12), (16,12), (15,12), (14,12)]
Rule 0 (RowRule): [(14,13), (13,13), (12,13), (11,13), (10,13), (9,13), (8,13), (7,13), (6,13), (5,13), (4,13), (3,13), (2,13), (1,13), (0,13), (16,13), (15,13)]
Rule 0 (RowRule): [(15,14), (14,14), (13,14), (12,14), (11,14), (10,14), (9,14), (8,14), (7,14), (6,14), (5,14), (4,14), (3,14), (2,14), (1,14), (0,14), (16,14)]
Rule 0 (RowRule): [(16,15), (15,15), (14,15), (13,15), (12,15), (11,15), (10,15), (9,15), (8,15), (7,15), (6,15), (5,15), (4,15), (3,15), (2,15), (1,15), (0,15)]
Rule 0 (RowRule): [(16,16), (15,16), (14,16), (13,16), (12,16), (11,16), (10,16), (9,16), (8,16), (7,16), (6,16), (5,16), (4,16), (3,16), (2,16), (1,16), (0,16)]

Rules Cell:
Cell (0, 0): [0, 17]
Cell (1, 0): [1, 17]
Cell (2, 0): [2, 17]
Cell (3, 0): [3, 17]
Cell (4, 0): [4, 17]
Cell (5, 0): [5, 17]
Cell (6, 0): [6, 17]
Cell (7, 0): [7, 17]
Cell (8, 0): [8, 17]
Cell (9, 0): [9, 17]
Cell (10, 0): [10, 17]
Cell (11, 0): [11, 17]
Cell (12, 0): [12, 17]
Cell (13, 0): [13, 17]
Cell (14, 0): [14, 17]
Cell (15, 0): [15, 17]
Cell (16, 0): [16, 17]
Cell (0, 1): [0, 18]
Cell (1, 1): [1, 18]
Cell (2, 1): [2, 18]
Cell (3, 1): [3, 18]
Cell (4, 1): [4, 18]
Cell (5, 1): [5, 18]
Cell (6, 1): [6, 18]
Cell (7, 1): [7, 18]
Cell (8, 1): [8, 18]
Cell (9, 1): [9, 18]
Cell (10, 1): [10, 18]
Cell (11, 1): [11, 18]
Cell (12, 1): [12, 18]
Cell (13, 1): [13, 18]
Cell (14, 1): [14, 18]
Cell (15, 1): [15, 18]
Cell (16, 1): [16, 18]
Cell (0, 2): [0, 19]
Cell (1, 2): [1, 19]
Cell (2, 2): [2, 19]
Cell (3, 2): [3, 19]
Cell (4, 2): [4, 19]
Cell (5, 2): [5, 19]
Cell (6, 2): [6, 19]
Cell (7, 2): [7, 19]
Cell (8, 2): [8, 19]
Cell (9, 2): [9, 19]
Cell (10, 2): [10, 19]
Cell (11, 2): [11, 19]
Cell (12, 2): [12, 19]
Cell (13, 2): [13, 19]
Cell (14, 2): [14, 19]
Cell (15, 2): [15, 19]
Cell (16, 2): [16, 19]
Cell (0, 3): [0, 20]
Cell (1, 3): [1, 20]
Cell (2, 3): [2, 20]
Cell (3, 3): [3, 20]
Cell (4, 3): [4, 20]
Cell (5, 3): [5, 20]
Cell (6, 3): [6, 20]
Cell (7, 3): [7, 20]
Cell (8, 3): [8, 20]
Cell (9, 3): [9, 20]
Cell (10, 3): [10, 20]
Cell (11, 3): [11, 20]
Cell (12, 3): [12, 20]
Cell (13, 3): [13, 20]
Cell (14, 3): [14, 20]
Cell (15, 3): [15, 20]
Cell (16, 3): [16, 20]
Cell (0, 4): [0, 21]
Cell (1, 4): [1, 21]
Cell (2, 4): [2, 21]
Cell (3, 4): [3, 21]
Cell (4, 4): [4, 21]
Cell (5, 4): [5, 21]
Cell (6, 4): [6, 21]
Cell (7, 4): [7, 21]
Cell (8, 4): [8, 21]
Cell (9, 4): [9, 21]
Cell (10, 4): [10, 21]
Cell (11, 4): [11, 21]
Cell (12, 4): [12, 21]
Cell (13, 4): [13, 21]
Cell (14, 4): [14, 21]
Cell (15, 4): [15, 21]
Cell (16, 4): [16, 21]
Cell (0, 5): [0, 22]
Cell (1, 5): [1, 22]
Cell (2, 5): [2, 22]
Cell (3, 5): [3, 22]
Cell (4, 5): [4, 22]
Cell (5, 5): [5, 22]
Cell (6, 5): [6, 22]
Cell (7, 5): [7, 22]
Cell (8, 5): [8, 22]
Cell (9, 5): [9, 22]
Cell (10, 5): [10, 22]
Cell (11, 5): [11, 22]
Cell (12, 5): [12, 22]
Cell (13, 5): [13, 22]
Cell (14, 5): [14, 22]
Cell (15, 5): [15, 22]
Cell (16, 5): [16, 22]
Cell (0, 6): [0, 23]
Cell (1, 6): [1, 23]
Cell (2, 6): [2, 23]
Cell (3, 6): [3, 23]
Cell (4, 6): [4, 23]
Cell (5, 6): [5, 23]
Cell (6, 6): [6, 23]
Cell (7, 6): [7, 23]
Cell (8, 6): [8, 23]
Cell (9, 6): [9, 23]
Cell (10, 6): [10, 23]
Cell (11, 6): [11, 23]
Cell (12, 6): [12, 23]
Cell (13, 6): [13, 23]
Cell (14, 6): [14, 23]
Cell (15, 6): [15, 23]
Cell (16, 6): [16, 23]
Cell (0, 7): [0, 24]
Cell (1, 7): [1, 24]
Cell (2, 7): [2, 24]
Cell (3, 7): [3, 24]
Cell (4, 7): [4, 24]
Cell (5, 7): [5, 24]
Cell (6, 7): [6, 24]
Cell (7, 7): [7, 24]
Cell (8, 7): [8, 24]
Cell (9, 7): [9, 24]
Cell (10, 7): [10, 24]
Cell (11, 7): [11, 24]
Cell (12, 7): [12, 24]
Cell (13, 7): [13, 24]
Cell (14, 7): [14, 24]
Cell (15, 7): [15, 24]
Cell (16, 7): [16, 24]
Cell (0, 8): [0, 25]
Cell (1, 8): [1, 25]
Cell (2, 8): [2, 25]
Cell (3, 8): [3, 25]
Cell (4, 8): [4, 25]
Cell (5, 8): [5, 25]
Cell (6, 8): [6, 25]
Cell (7, 8): [7, 25]
Cell (8, 8): [8, 25]
Cell (9, 8): [9, 25]
Cell (10, 8): [10, 25]
Cell (11, 8): [11, 25]
Cell (12, 8): [12, 25]
Cell (13, 8): [13, 25]
Cell (14, 8): [14, 25]
Cell (15, 8): [15, 25]
Cell (16, 8): [16, 25]
Cell (0, 9): [0, 26]
Cell (1, 9): [1, 26]
Cell (2, 9): [2, 26]
Cell (3, 9): [3, 26]
Cell (4, 9): [4, 26]
Cell (5, 9): [5, 26]
Cell (6, 9): [6, 26]
Cell (7, 9): [7, 26]
Cell (8, 9): [8, 26]
Cell (9, 9): [9, 26]
Cell (10, 9): [10, 26]
Cell (11, 9): [11, 26]
Cell (12, 9): [12, 26]
Cell (13, 9): [13, 26]
Cell (14, 9): [14, 26]
Cell (15, 9): [15, 26]
Cell (16, 9): [16, 26]
Cell (0, 10): [0, 27]
Cell (1, 10): [1, 27]
Cell (2, 10): [2, 27]
Cell (3, 10): [3, 27]
Cell (4, 10): [4, 27]
Cell (5, 10): [5, 27]
Cell (6, 10): [6, 27]
Cell (7, 10): [7, 27]
Cell (8, 10): [8, 27]
Cell (9, 10): [9, 27]
Cell (10, 10): [10, 27]
Cell (11, 10): [11, 27]
Cell (12, 10): [12, 27]
Cell (13, 10): [13, 27]
Cell (14, 10): [14, 27]
Cell (15, 10): [15, 27]
Cell (16, 10): [16, 27]
Cell (0, 11): [0, 28]
Cell (1, 11): [1, 28]
Cell (2, 11): [2, 28]
Cell (3, 11): [3, 28]
Cell (4, 11): [4, 28]
Cell (5, 11): [5, 28]
Cell (6, 11): [6, 28]
Cell (7, 11): [7, 28]
Cell (8, 11): [8, 28]
Cell (9, 11): [9, 28]
Cell (10, 11): [10, 28]
Cell (11, 11): [11, 28]
Cell (12, 11): [12, 28]
Cell (13, 11): [13, 28]
Cell (14, 11): [14, 28]
Cell (15, 11): [15, 28]
Cell (16, 11): [16, 28]
Cell (0, 12): [0, 29]
Cell (1, 12): [1, 29]
Cell (2, 12): [2, 29]
Cell (3, 12): [3, 29]
Cell (4, 12): [4, 29]
Cell (5, 12): [5, 29]
Cell (6, 12): [6, 29]
Cell (7, 12): [7, 29]
Cell (8, 12): [8, 29]
Cell (9, 12): [9, 29]
Cell (10, 12): [10, 29]
Cell (11, 12): [11, 29]
Cell (12, 12): [12, 29]
Cell (13, 12): [13, 29]
Cell (14, 12): [14, 29]
Cell (15, 12): [15, 29]
Cell (16, 12): [16, 29]
Cell (0, 13): [0, 30]
Cell (1, 13): [1, 30]
Cell (2, 13): [2, 30]
Cell (3, 13): [3, 30]
Cell (4, 13): [4, 30]
Cell (5, 13): [5, 30]
Cell (6, 13): [6, 30]
Cell (7, 13): [7, 30]
Cell (8, 13): [8, 30]
Cell (9, 13): [9, 30]
Cell (10, 13): [10, 30]
Cell (11, 13): [11, 30]
Cell (12, 13): [12, 30]
Cell (13, 13): [13, 30]
Cell (14, 13): [14, 30]
Cell (15, 13): [15, 30]
Cell (16, 13): [16, 30]
Cell (0, 14): [0, 31]
Cell (1, 14): [1, 31]
Cell (2, 14): [2, 31]
Cell (3, 14): [3, 31]
Cell (4, 14): [4, 31]
Cell (5, 14): [5, 31]
Cell (6, 14): [6, 31]
Cell (7, 14): [7, 31]
Cell (8, 14): [8, 31]
Cell (9, 14): [9, 31]
Cell (10, 14): [10, 31]
Cell (11, 14): [11, 31]
Cell (12, 14): [12, 31]
Cell (13, 14): [13, 31]
Cell (14, 14): [14, 31]
Cell (15, 14): [15, 31]
Cell (16, 14): [16, 31]
Cell (0, 15): [0, 32]
Cell (1, 15): [1, 32]
Cell (2, 15): [2, 32]
Cell (3, 15): [3, 32]
Cell (4, 15): [4, 32]
Cell (5, 15): [5, 32]
Cell (6, 15): [6, 32]
Cell (7, 15): [7, 32]
Cell (8, 15): [8, 32]
Cell (9, 15): [9, 32]
Cell (10, 15): [10, 32]
Cell (11, 15): [11, 32]
Cell (12, 15): [12, 32]
Cell (13, 15): [13, 32]
Cell (14, 15): [14, 32]
Cell (15, 15): [15, 32]
Cell (16, 15): [16, 32]
Cell (0, 16): [0, 33]
Cell (1, 16): [1, 33]
Cell (2, 16): [2, 33]
Cell (3, 16): [3, 33]
Cell (4, 16): [4, 33]
Cell (5, 16): [5, 33]
Cell (6, 16): [6, 33]
Cell (7, 16): [7, 33]
Cell (8, 16): [8, 33]
Cell (9, 16): [9, 33]
Cell (10, 16): [10, 33]
Cell (11, 16): [11, 33]
Cell (12, 16): [12, 33]
Cell (13, 16): [13, 33]
Cell (14, 16): [14, 33]
Cell (15, 16): [15, 33]
Cell (16, 16): [16, 33]

Grid:
13 10 12 4 2 1 16 17 14 9 11 7 8 6 5 15 3 
9 3 2 10 4 5 1 15 8 16 6 14 11 7 13 12 17 
17 14 6 1 3 7 11 13 2 10 9 15 5 16 8 4 12 
8 6 9 12 11 15 13 16 1 17 10 2 14 4 3 7 5 
14 5 8 13 7 11 6 1 4 2 17 9 3 12 15 16 10 
3 1 5 16 14 2 7 8 11 12 15 4 9 17 10 6 13 
2 16 17 5 8 13 12 11 3 1 4 10 15 14 7 9 6 
5 8 13 17 15 16 2 14 10 7 12 11 4 3 6 1 9 
4 11 16 9 10 14 8 5 12 6 3 13 17 15 1 2 7 
11 2 7 8 17 3 15 6 9 4 13 5 1 10 12 14 16 
6 15 1 7 9 10 14 2 17 5 16 3 12 13 4 8 11 
7 13 3 15 5 9 17 12 6 14 8 1 16 2 11 10 4 
1 17 4 11 12 6 5 10 15 13 2 16 7 9 14 3 8 
10 7 15 6 1 8 9 4 5 3 14 12 13 11 16 17 2 
15 12 14 3 16 17 4 9 7 11 5 6 10 8 2 13 1 
16 4 10 14 6 12 3 7 13 8 1 17 2 5 9 11 15 
12 9 11 2 13 4 10 3 16 15 7 8 6 1 17 5 14 
