Size: 8x8

Symboles : [1, 2, 3, 4, 5, 6, 7, 8]

Rules:
Rule 0 (BlockRule): [(1,0), (2,1), (0,0), (1,1), (0,1), (3,0), (2,0), (3,1)]
Rule 0 (BlockRule): [(7,0), (6,0), (7,1), (5,0), (6,1), (4,0), (5,1), (4,1)]
Rule 0 (BlockRule): [(3,2), (2,2), (3,3), (1,2), (2,3), (0,2), (1,3), (0,3)]
Rule 0 (BlockRule): [(4,3), (7,2), (6,2), (7,3), (5,2), (6,3), (4,2), (5,3)]
Rule 0 (BlockRule): [(3,4), (2,4), (3,5), (1,4), (2,5), (0,4), (1,5), (0,5)]
Rule 0 (BlockRule): [(5,4), (6,5), (4,4), (5,5), (4,5), (7,4), (6,4), (7,5)]
Rule 0 (BlockRule): [(3,6), (2,6), (3,7), (1,6), (2,7), (0,6), (1,7), (0,7)]
Rule 0 (BlockRule): [(7,6), (6,6), (7,7), (5,6), (6,7), (4,6), (5,7), (4,7)]
Rule 0 (RowRule): [(1,0), (0,0), (7,0), (6,0), (5,0), (4,0), (3,0), (2,0)]
Rule 0 (RowRule): [(2,1), (1,1), (0,1), (7,1), (6,1), (5,1), (4,1), (3,1)]
Rule 0 (RowRule): [(3,2), (2,2), (1,2), (0,2), (7,2), (6,2), (5,2), (4,2)]
Rule 0 (RowRule): [(4,3), (3,3), (2,3), (1,3), (0,3), (7,3), (6,3), (5,3)]
Rule 0 (RowRule): [(5,4), (4,4), (3,4), (2,4), (1,4), (0,4), (7,4), (6,4)]
Rule 0 (RowRule): [(6,5), (5,5), (4,5), (3,5), (2,5), (1,5), (0,5), (7,5)]
Rule 0 (RowRule): [(7,6), (6,6), (5,6), (4,6), (3,6), (2,6), (1,6), (0,6)]
Rule 0 (RowRule): [(7,7), (6,7), (5,7), (4,7), (3,7), (2,7), (1,7), (0,7)]
Rule 0 (ColumnRule): [(0,0), (0,1), (0,2), (0,3), (0,4), (0,5), (0,6), (0,7)]
Rule 0 (ColumnRule): [(1,0), (1,1), (1,2), (1,3), (1,4), (1,5), (1,6), (1,7)]
Rule 0 (ColumnRule): [(2,1), (2,2), (2,3), (2,4), (2,5), (2,6), (2,7), (2,0)]
Rule 0 (ColumnRule): [(3,2), (3,3), (3,4), (3,5), (3,6), (3,7), (3,0), (3,1)]
Rule 0 (ColumnRule): [(4,3), (4,4), (4,5), (4,6), (4,7), (4,0), (4,1), (4,2)]
Rule 0 (ColumnRule): [(5,4), (5,5), (5,6), (5,7), (5,0), (5,1), (5,2), (5,3)]
Rule 0 (ColumnRule): [(6,5), (6,6), (6,7), (6,0), (6,1), (6,2), (6,3), (6,4)]
Rule 0 (ColumnRule): [(7,6), (7,7), (7,0), (7,1), (7,2), (7,3), (7,4), (7,5)]

Rules Cell:
Cell (0, 0): [0, 8, 16]
Cell (1, 0): [0, 8, 17]
Cell (2, 0): [0, 8, 18]
Cell (3, 0): [0, 8, 19]
Cell (4, 0): [1, 8, 20]
Cell (5, 0): [1, 8, 21]
Cell (6, 0): [1, 8, 22]
Cell (7, 0): [1, 8, 23]
Cell (0, 1): [0, 9, 16]
Cell (1, 1): [0, 9, 17]
Cell (2, 1): [0, 9, 18]
Cell (3, 1): [0, 9, 19]
Cell (4, 1): [1, 9, 20]
Cell (5, 1): [1, 9, 21]
Cell (6, 1): [1, 9, 22]
Cell (7, 1): [1, 9, 23]
Cell (0, 2): [2, 10, 16]
Cell (1, 2): [2, 10, 17]
Cell (2, 2): [2, 10, 18]
Cell (3, 2): [2, 10, 19]
Cell (4, 2): [3, 10, 20]
Cell (5, 2): [3, 10, 21]
Cell (6, 2): [3, 10, 22]
Cell (7, 2): [3, 10, 23]
Cell (0, 3): [2, 11, 16]
Cell (1, 3): [2, 11, 17]
Cell (2, 3): [2, 11, 18]
Cell (3, 3): [2, 11, 19]
Cell (4, 3): [3, 11, 20]
Cell (5, 3): [3, 11, 21]
Cell (6, 3): [3, 11, 22]
Cell (7, 3): [3, 11, 23]
Cell (0, 4): [4, 12, 16]
Cell (1, 4): [4, 12, 17]
Cell (2, 4): [4, 12, 18]
Cell (3, 4): [4, 12, 19]
Cell (4, 4): [5, 12, 20]
Cell (5, 4): [5, 12, 21]
Cell (6, 4): [5, 12, 22]
Cell (7, 4): [5, 12, 23]
Cell (0, 5): [4, 13, 16]
Cell (1, 5): [4, 13, 17]
Cell (2, 5): [4, 13, 18]
Cell (3, 5): [4, 13, 19]
Cell (4, 5): [5, 13, 20]
Cell (5, 5): [5, 13, 21]
Cell (6, 5): [5, 13, 22]
Cell (7, 5): [5, 13, 23]
Cell (0, 6): [6, 14, 16]
Cell (1, 6): [6, 14, 17]
Cell (2, 6): [6, 14, 18]
Cell (3, 6): [6, 14, 19]
Cell (4, 6): [7, 14, 20]
Cell (5, 6): [7, 14, 21]
Cell (6, 6): [7, 14, 22]
Cell (7, 6): [7, 14, 23]
Cell (0, 7): [6, 15, 16]
Cell (1, 7): [6, 15, 17]
Cell (2, 7): [6, 15, 18]
Cell (3, 7): [6, 15, 19]
Cell (4, 7): [7, 15, 20]
Cell (5, 7): [7, 15, 21]
Cell (6, 7): [7, 15, 22]
Cell (7, 7): [7, 15, 23]

Grid:
1 2 3 4 5 6 7 8 
5 6 7 8 1 2 3 4 
2 4 1 3 6 7 8 5 
6 8 5 7 2 4 1 3 
3 1 6 2 8 5 4 7 
4 7 8 5 3 1 2 6 
7 3 2 6 4 8 5 1 
8 5 4 1 7 3 6 2 
