Size: 4x4

Symboles : [1, 2, 3, 4]

Rules:
Rule 0 (BlockRule): [(1,0), (0,0), (1,1), (0,1)]
Rule 0 (BlockRule): [(2,1), (3,0), (2,0), (3,1)]
Rule 0 (BlockRule): [(1,2), (0,2), (1,3), (0,3)]
Rule 0 (BlockRule): [(3,2), (2,2), (3,3), (2,3)]
Rule 0 (RowRule): [(1,0), (0,0), (3,0), (2,0)]
Rule 0 (RowRule): [(2,1), (1,1), (0,1), (3,1)]
Rule 0 (RowRule): [(3,2), (2,2), (1,2), (0,2)]
Rule 0 (RowRule): [(3,3), (2,3), (1,3), (0,3)]
Rule 0 (ColumnRule): [(0,0), (0,1), (0,2), (0,3)]
Rule 0 (ColumnRule): [(1,0), (1,1), (1,2), (1,3)]
Rule 0 (ColumnRule): [(2,1), (2,2), (2,3), (2,0)]
Rule 0 (ColumnRule): [(3,2), (3,3), (3,0), (3,1)]

Rules Cell:
Cell (0, 0): [0, 4, 8]
Cell (1, 0): [0, 4, 9]
Cell (2, 0): [1, 4, 10]
Cell (3, 0): [1, 4, 11]
Cell (0, 1): [0, 5, 8]
Cell (1, 1): [0, 5, 9]
Cell (2, 1): [1, 5, 10]
Cell (3, 1): [1, 5, 11]
Cell (0, 2): [2, 6, 8]
Cell (1, 2): [2, 6, 9]
Cell (2, 2): [3, 6, 10]
Cell (3, 2): [3, 6, 11]
Cell (0, 3): [2, 7, 8]
Cell (1, 3): [2, 7, 9]
Cell (2, 3): [3, 7, 10]
Cell (3, 3): [3, 7, 11]

Grid:
4 3 2 1 
2 1 4 3 
1 2 3 4 
3 4 1 2 
