Size: 7x7

Symboles : [1, 2, 3, 4, 5, 6, 7]

Rules:
Rule 0 (BlockRule): [(1,0), (0,0), (6,0), (5,0), (4,0), (3,0), (2,0)]
Rule 0 (BlockRule): [(2,1), (1,1), (0,1), (6,1), (5,1), (4,1), (3,1)]
Rule 0 (BlockRule): [(3,2), (2,2), (1,2), (0,2), (6,2), (5,2), (4,2)]
Rule 0 (BlockRule): [(4,3), (3,3), (2,3), (1,3), (0,3), (6,3), (5,3)]
Rule 0 (BlockRule): [(5,4), (4,4), (3,4), (2,4), (1,4), (0,4), (6,4)]
Rule 0 (BlockRule): [(6,5), (5,5), (4,5), (3,5), (2,5), (1,5), (0,5)]
Rule 0 (BlockRule): [(6,6), (5,6), (4,6), (3,6), (2,6), (1,6), (0,6)]
Rule 0 (ColumnRule): [(0,0), (0,1), (0,2), (0,3), (0,4), (0,5), (0,6)]
Rule 0 (ColumnRule): [(1,0), (1,1), (1,2), (1,3), (1,4), (1,5), (1,6)]
Rule 0 (ColumnRule): [(2,1), (2,2), (2,3), (2,4), (2,5), (2,6), (2,0)]
Rule 0 (ColumnRule): [(3,2), (3,3), (3,4), (3,5), (3,6), (3,0), (3,1)]
Rule 0 (ColumnRule): [(4,3), (4,4), (4,5), (4,6), (4,0), (4,1), (4,2)]
Rule 0 (ColumnRule): [(5,4), (5,5), (5,6), (5,0), (5,1), (5,2), (5,3)]
Rule 0 (ColumnRule): [(6,5), (6,6), (6,0), (6,1), (6,2), (6,3), (6,4)]

Rules Cell:
Cell (0, 0): [0, 7]
Cell (1, 0): [0, 8]
Cell (2, 0): [0, 9]
Cell (3, 0): [0, 10]
Cell (4, 0): [0, 11]
Cell (5, 0): [0, 12]
Cell (6, 0): [0, 13]
Cell (0, 1): [1, 7]
Cell (1, 1): [1, 8]
Cell (2, 1): [1, 9]
Cell (3, 1): [1, 10]
Cell (4, 1): [1, 11]
Cell (5, 1): [1, 12]
Cell (6, 1): [1, 13]
Cell (0, 2): [2, 7]
Cell (1, 2): [2, 8]
Cell (2, 2): [2, 9]
Cell (3, 2): [2, 10]
Cell (4, 2): [2, 11]
Cell (5, 2): [2, 12]
Cell (6, 2): [2, 13]
Cell (0, 3): [3, 7]
Cell (1, 3): [3, 8]
Cell (2, 3): [3, 9]
Cell (3, 3): [3, 10]
Cell (4, 3): [3, 11]
Cell (5, 3): [3, 12]
Cell (6, 3): [3, 13]
Cell (0, 4): [4, 7]
Cell (1, 4): [4, 8]
Cell (2, 4): [4, 9]
Cell (3, 4): [4, 10]
Cell (4, 4): [4, 11]
Cell (5, 4): [4, 12]
Cell (6, 4): [4, 13]
Cell (0, 5): [5, 7]
Cell (1, 5): [5, 8]
Cell (2, 5): [5, 9]
Cell (3, 5): [5, 10]
Cell (4, 5): [5, 11]
Cell (5, 5): [5, 12]
Cell (6, 5): [5, 13]
Cell (0, 6): [6, 7]
Cell (1, 6): [6, 8]
Cell (2, 6): [6, 9]
Cell (3, 6): [6, 10]
Cell (4, 6): [6, 11]
Cell (5, 6): [6, 12]
Cell (6, 6): [6, 13]

Grid:
1 6 4 5 2 3 7 
4 1 6 3 7 5 2 
5 4 3 7 1 2 6 
3 5 2 1 6 7 4 
2 7 1 6 3 4 5 
7 3 5 2 4 6 1 
6 2 7 4 5 1 3 
