Size: 10x10

Symboles : [1, 2, 3, 4, 5, 6, 7, 8, 9, 10]

Rules:
Rule 0 (BlockRule): [(1,0), (0,0), (1,1), (0,1), (1,2), (0,2), (1,3), (0,3), (1,4), (0,4)]
Rule 0 (BlockRule): [(2,1), (3,2), (2,2), (3,3), (2,3), (3,4), (2,4), (3,0), (2,0), (3,1)]
Rule 0 (BlockRule): [(4,3), (5,4), (4,4), (5,0), (4,0), (5,1), (4,1), (5,2), (4,2), (5,3)]
Rule 0 (BlockRule): [(7,0), (6,0), (7,1), (6,1), (7,2), (6,2), (7,3), (6,3), (7,4), (6,4)]
Rule 0 (BlockRule): [(9,0), (8,0), (9,1), (8,1), (9,2), (8,2), (9,3), (8,3), (9,4), (8,4)]
Rule 0 (BlockRule): [(1,5), (0,5), (1,6), (0,6), (1,7), (0,7), (1,8), (0,8), (1,9), (0,9)]
Rule 0 (BlockRule): [(3,5), (2,5), (3,6), (2,6), (3,7), (2,7), (3,8), (2,8), (3,9), (2,9)]
Rule 0 (BlockRule): [(5,5), (4,5), (5,6), (4,6), (5,7), (4,7), (5,8), (4,8), (5,9), (4,9)]
Rule 0 (BlockRule): [(6,5), (7,6), (6,6), (7,7), (6,7), (7,8), (6,8), (7,9), (6,9), (7,5)]
Rule 0 (BlockRule): [(8,7), (9,8), (8,8), (9,9), (8,9), (9,5), (8,5), (9,6), (8,6), (9,7)]
Rule 0 (RowRule): [(1,0), (0,0), (9,0), (8,0), (7,0), (6,0), (5,0), (4,0), (3,0), (2,0)]
Rule 0 (RowRule): [(2,1), (1,1), (0,1), (9,1), (8,1), (7,1), (6,1), (5,1), (4,1), (3,1)]
Rule 0 (RowRule): [(3,2), (2,2), (1,2), (0,2), (9,2), (8,2), (7,2), (6,2), (5,2), (4,2)]
Rule 0 (RowRule): [(4,3), (3,3), (2,3), (1,3), (0,3), (9,3), (8,3), (7,3), (6,3), (5,3)]
Rule 0 (RowRule): [(5,4), (4,4), (3,4), (2,4), (1,4), (0,4), (9,4), (8,4), (7,4), (6,4)]
Rule 0 (RowRule): [(6,5), (5,5), (4,5), (3,5), (2,5), (1,5), (0,5), (9,5), (8,5), (7,5)]
Rule 0 (RowRule): [(7,6), (6,6), (5,6), (4,6), (3,6), (2,6), (1,6), (0,6), (9,6), (8,6)]
Rule 0 (RowRule): [(8,7), (7,7), (6,7), (5,7), (4,7), (3,7), (2,7), (1,7), (0,7), (9,7)]
Rule 0 (RowRule): [(9,8), (8,8), (7,8), (6,8), (5,8), (4,8), (3,8), (2,8), (1,8), (0,8)]
Rule 0 (RowRule): [(9,9), (8,9), (7,9), (6,9), (5,9), (4,9), (3,9), (2,9), (1,9), (0,9)]
Rule 0 (ColumnRule): [(0,0), (0,1), (0,2), (0,3), (0,4), (0,5), (0,6), (0,7), (0,8), (0,9)]
Rule 0 (ColumnRule): [(1,0), (1,1), (1,2), (1,3), (1,4), (1,5), (1,6), (1,7), (1,8), (1,9)]
Rule 0 (ColumnRule): [(2,1), (2,2), (2,3), (2,4), (2,5), (2,6), (2,7), (2,8), (2,9), (2,0)]
Rule 0 (ColumnRule): [(3,2), (3,3), (3,4), (3,5), (3,6), (3,7), (3,8), (3,9), (3,0), (3,1)]
Rule 0 (ColumnRule): [(4,3), (4,4), (4,5), (4,6), (4,7), (4,8), (4,9), (4,0), (4,1), (4,2)]
Rule 0 (ColumnRule): [(5,4), (5,5), (5,6), (5,7), (5,8), (5,9), (5,0), (5,1), (5,2), (5,3)]
Rule 0 (ColumnRule): [(6,5), (6,6), (6,7), (6,8), (6,9), (6,0), (6,1), (6,2), (6,3), (6,4)]
Rule 0 (ColumnRule): [(7,6), (7,7), (7,8), (7,9), (7,0), (7,1), (7,2), (7,3), (7,4), (7,5)]
Rule 0 (ColumnRule): [(8,7), (8,8), (8,9), (8,0), (8,1), (8,2), (8,3), (8,4), (8,5), (8,6)]
Rule 0 (ColumnRule): [(9,8), (9,9), (9,0), (9,1), (9,2), (9,3), (9,4), (9,5), (9,6), (9,7)]

Rules Cell:
Cell (0, 0): [0, 10, 20]
Cell (1, 0): [0, 10, 21]
Cell (2, 0): [1, 10, 22]
Cell (3, 0): [1, 10, 23]
Cell (4, 0): [2, 10, 24]
Cell (5, 0): [2, 10, 25]
Cell (6, 0): [3, 10, 26]
Cell (7, 0): [3, 10, 27]
Cell (8, 0): [4, 10, 28]
Cell (9, 0): [4, 10, 29]
Cell (0, 1): [0, 11, 20]
Cell (1, 1): [0, 11, 21]
Cell (2, 1): [1, 11, 22]
Cell (3, 1): [1, 11, 23]
Cell (4, 1): [2, 11, 24]
Cell (5, 1): [2, 11, 25]
Cell (6, 1): [3, 11, 26]
Cell (7, 1): [3, 11, 27]
Cell (8, 1): [4, 11, 28]
Cell (9, 1): [4, 11, 29]
Cell (0, 2): [0, 12, 20]
Cell (1, 2): [0, 12, 21]
Cell (2, 2): [1, 12, 22]
Cell (3, 2): [1, 12, 23]
Cell (4, 2): [2, 12, 24]
Cell (5, 2): [2, 12, 25]
Cell (6, 2): [3, 12, 26]
Cell (7, 2): [3, 12, 27]
Cell (8, 2): [4, 12, 28]
Cell (9, 2): [4, 12, 29]
Cell (0, 3): [0, 13, 20]
Cell (1, 3): [0, 13, 21]
Cell (2, 3): [1, 13, 22]
Cell (3, 3): [1, 13, 23]
Cell (4, 3): [2, 13, 24]
Cell (5, 3): [2, 13, 25]
Cell (6, 3): [3, 13, 26]
Cell (7, 3): [3, 13, 27]
Cell (8, 3): [4, 13, 28]
Cell (9, 3): [4, 13, 29]
Cell (0, 4): [0, 14, 20]
Cell (1, 4): [0, 14, 21]
Cell (2, 4): [1, 14, 22]
Cell (3, 4): [1, 14, 23]
Cell (4, 4): [2, 14, 24]
Cell (5, 4): [2, 14, 25]
Cell (6, 4): [3, 14, 26]
Cell (7, 4): [3, 14, 27]
Cell (8, 4): [4, 14, 28]
Cell (9, 4): [4, 14, 29]
Cell (0, 5): [5, 15, 20]
Cell (1, 5): [5, 15, 21]
Cell (2, 5): [6, 15, 22]
Cell (3, 5): [6, 15, 23]
Cell (4, 5): [7, 15, 24]
Cell (5, 5): [7, 15, 25]
Cell (6, 5): [8, 15, 26]
Cell (7, 5): [8, 15, 27]
Cell (8, 5): [9, 15, 28]
Cell (9, 5): [9, 15, 29]
Cell (0, 6): [5, 16, 20]
Cell (1, 6): [5, 16, 21]
Cell (2, 6): [6, 16, 22]
Cell (3, 6): [6, 16, 23]
Cell (4, 6): [7, 16, 24]
Cell (5, 6): [7, 16, 25]
Cell (6, 6): [8, 16, 26]
Cell (7, 6): [8, 16, 27]
Cell (8, 6): [9, 16, 28]
Cell (9, 6): [9, 16, 29]
Cell (0, 7): [5, 17, 20]
Cell (1, 7): [5, 17, 21]
Cell (2, 7): [6, 17, 22]
Cell (3, 7): [6, 17, 23]
Cell (4, 7): [7, 17, 24]
Cell (5, 7): [7, 17, 25]
Cell (6, 7): [8, 17, 26]
Cell (7, 7): [8, 17, 27]
Cell (8, 7): [9, 17, 28]
Cell (9, 7): [9, 17, 29]
Cell (0, 8): [5, 18, 20]
Cell (1, 8): [5, 18, 21]
Cell (2, 8): [6, 18, 22]
Cell (3, 8): [6, 18, 23]
Cell (4, 8): [7, 18, 24]
Cell (5, 8): [7, 18, 25]
Cell (6, 8): [8, 18, 26]
Cell (7, 8): [8, 18, 27]
Cell (8, 8): [9, 18, 28]
Cell (9, 8): [9, 18, 29]
Cell (0, 9): [5, 19, 20]
Cell (1, 9): [5, 19, 21]
Cell (2, 9): [6, 19, 22]
Cell (3, 9): [6, 19, 23]
Cell (4, 9): [7, 19, 24]
Cell (5, 9): [7, 19, 25]
Cell (6, 9): [8, 19, 26]
Cell (7, 9): [8, 19, 27]
Cell (8, 9): [9, 19, 28]
Cell (9, 9): [9, 19, 29]

Grid:
1 2 3 4 5 6 7 8 9 10 
3 4 1 2 7 8 9 10 5 6 
5 6 7 8 9 10 1 2 3 4 
7 8 9 10 3 4 5 6 1 2 
9 10 5 6 1 2 3 4 7 8 
2 1 4 3 6 5 8 7 10 9 
4 3 2 1 8 7 10 9 6 5 
6 5 8 7 10 9 2 1 4 3 
8 7 10 9 4 3 6 5 2 1 
10 9 6 5 2 1 4 3 8 7 
