Size: 22x22

Symboles : [11, 22, 12, 13, 14, 15, 16, 17, 18, 19, 1, 2, 3, 4, 5, 6, 7, 8, 9, 20, 10, 21]

Rules:
Rule 0 (BlockRule): [(1,0), (2,1), (0,0), (1,1), (0,1), (10,0), (9,0), (10,1), (8,0), (9,1), (7,0), (8,1), (6,0), (7,1), (5,0), (6,1), (4,0), (5,1), (3,0), (4,1), (2,0), (3,1)]
Rule 0 (BlockRule): [(21,0), (20,0), (21,1), (19,0), (20,1), (18,0), (19,1), (17,0), (18,1), (16,0), (17,1), (15,0), (16,1), (14,0), (15,1), (13,0), (14,1), (12,0), (13,1), (11,0), (12,1), (11,1)]
Rule 0 (BlockRule): [(3,2), (4,3), (2,2), (3,3), (1,2), (2,3), (0,2), (1,3), (0,3), (10,2), (9,2), (10,3), (8,2), (9,3), (7,2), (8,3), (6,2), (7,3), (5,2), (6,3), (4,2), (5,3)]
Rule 0 (BlockRule): [(21,2), (20,2), (21,3), (19,2), (20,3), (18,2), (19,3), (17,2), (18,3), (16,2), (17,3), (15,2), (16,3), (14,2), (15,3), (13,2), (14,3), (12,2), (13,3), (11,2), (12,3), (11,3)]
Rule 0 (BlockRule): [(5,4), (6,5), (4,4), (5,5), (3,4), (4,5), (2,4), (3,5), (1,4), (2,5), (0,4), (1,5), (0,5), (10,4), (9,4), (10,5), (8,4), (9,5), (7,4), (8,5), (6,4), (7,5)]
Rule 0 (BlockRule): [(21,4), (20,4), (21,5), (19,4), (20,5), (18,4), (19,5), (17,4), (18,5), (16,4), (17,5), (15,4), (16,5), (14,4), (15,5), (13,4), (14,5), (12,4), (13,5), (11,4), (12,5), (11,5)]
Rule 0 (BlockRule): [(7,6), (8,7), (6,6), (7,7), (5,6), (6,7), (4,6), (5,7), (3,6), (4,7), (2,6), (3,7), (1,6), (2,7), (0,6), (1,7), (0,7), (10,6), (9,6), (10,7), (8,6), (9,7)]
Rule 0 (BlockRule): [(21,6), (20,6), (21,7), (19,6), (20,7), (18,6), (19,7), (17,6), (18,7), (16,6), (17,7), (15,6), (16,7), (14,6), (15,7), (13,6), (14,7), (12,6), (13,7), (11,6), (12,7), (11,7)]
Rule 0 (BlockRule): [(9,8), (10,9), (8,8), (9,9), (7,8), (8,9), (6,8), (7,9), (5,8), (6,9), (4,8), (5,9), (3,8), (4,9), (2,8), (3,9), (1,8), (2,9), (0,8), (1,9), (0,9), (10,8)]
Rule 0 (BlockRule): [(21,8), (20,8), (21,9), (19,8), (20,9), (18,8), (19,9), (17,8), (18,9), (16,8), (17,9), (15,8), (16,9), (14,8), (15,9), (13,8), (14,9), (12,8), (13,9), (11,8), (12,9), (11,9)]
Rule 0 (BlockRule): [(10,10), (9,10), (10,11), (8,10), (9,11), (7,10), (8,11), (6,10), (7,11), (5,10), (6,11), (4,10), (5,11), (3,10), (4,11), (2,10), (3,11), (1,10), (2,11), (0,10), (1,11), (0,11)]
Rule 0 (BlockRule): [(11,10), (12,11), (11,11), (21,10), (20,10), (21,11), (19,10), (20,11), (18,10), (19,11), (17,10), (18,11), (16,10), (17,11), (15,10), (16,11), (14,10), (15,11), (13,10), (14,11), (12,10), (13,11)]
Rule 0 (BlockRule): [(10,12), (9,12), (10,13), (8,12), (9,13), (7,12), (8,13), (6,12), (7,13), (5,12), (6,13), (4,12), (5,13), (3,12), (4,13), (2,12), (3,13), (1,12), (2,13), (0,12), (1,13), (0,13)]
Rule 0 (BlockRule): [(13,12), (14,13), (12,12), (13,13), (11,12), (12,13), (11,13), (21,12), (20,12), (21,13), (19,12), (20,13), (18,12), (19,13), (17,12), (18,13), (16,12), (17,13), (15,12), (16,13), (14,12), (15,13)]
Rule 0 (BlockRule): [(10,14), (9,14), (10,15), (8,14), (9,15), (7,14), (8,15), (6,14), (7,15), (5,14), (6,15), (4,14), (5,15), (3,14), (4,15), (2,14), (3,15), (1,14), (2,15), (0,14), (1,15), (0,15)]
Rule 0 (BlockRule): [(15,14), (16,15), (14,14), (15,15), (13,14), (14,15), (12,14), (13,15), (11,14), (12,15), (11,15), (21,14), (20,14), (21,15), (19,14), (20,15), (18,14), (19,15), (17,14), (18,15), (16,14), (17,15)]
Rule 0 (BlockRule): [(10,16), (9,16), (10,17), (8,16), (9,17), (7,16), (8,17), (6,16), (7,17), (5,16), (6,17), (4,16), (5,17), (3,16), (4,17), (2,16), (3,17), (1,16), (2,17), (0,16), (1,17), (0,17)]
Rule 0 (BlockRule): [(17,16), (18,17), (16,16), (17,17), (15,16), (16,17), (14,16), (15,17), (13,16), (14,17), (12,16), (13,17), (11,16), (12,17), (11,17), (21,16), (20,16), (21,17), (19,16), (20,17), (18,16), (19,17)]
Rule 0 (BlockRule): [(10,18), (9,18), (10,19), (8,18), (9,19), (7,18), (8,19), (6,18), (7,19), (5,18), (6,19), (4,18), (5,19), (3,18), (4,19), (2,18), (3,19), (1,18), (2,19), (0,18), (1,19), (0,19)]
Rule 0 (BlockRule): [(19,18), (20,19), (18,18), (19,19), (17,18), (18,19), (16,18), (17,19), (15,18), (16,19), (14,18), (15,19), (13,18), (14,19), (12,18), (13,19), (11,18), (12,19), (11,19), (21,18), (20,18), (21,19)]
Rule 0 (BlockRule): [(10,20), (9,20), (10,21), (8,20), (9,21), (7,20), (8,21), (6,20), (7,21), (5,20), (6,21), (4,20), (5,21), (3,20), (4,21), (2,20), (3,21), (1,20), (2,21), (0,20), (1,21), (0,21)]
Rule 0 (BlockRule): [(21,20), (20,20), (21,21), (19,20), (20,21), (18,20), (19,21), (17,20), (18,21), (16,20), (17,21), (15,20), (16,21), (14,20), (15,21), (13,20), (14,21), (12,20), (13,21), (11,20), (12,21), (11,21)]
Rule 0 (RowRule): [(1,0), (0,0), (21,0), (20,0), (19,0), (18,0), (17,0), (16,0), (15,0), (14,0), (13,0), (12,0), (11,0), (10,0), (9,0), (8,0), (7,0), (6,0), (5,0), (4,0), (3,0), (2,0)]
Rule 0 (RowRule): [(2,1), (1,1), (0,1), (21,1), (20,1), (19,1), (18,1), (17,1), (16,1), (15,1), (14,1), (13,1), (12,1), (11,1), (10,1), (9,1), (8,1), (7,1), (6,1), (5,1), (4,1), (3,1)]
Rule 0 (RowRule): [(3,2), (2,2), (1,2), (0,2), (21,2), (20,2), (19,2), (18,2), (17,2), (16,2), (15,2), (14,2), (13,2), (12,2), (11,2), (10,2), (9,2), (8,2), (7,2), (6,2), (5,2), (4,2)]
Rule 0 (RowRule): [(4,3), (3,3), (2,3), (1,3), (0,3), (21,3), (20,3), (19,3), (18,3), (17,3), (16,3), (15,3), (14,3), (13,3), (12,3), (11,3), (10,3), (9,3), (8,3), (7,3), (6,3), (5,3)]
Rule 0 (RowRule): [(5,4), (4,4), (3,4), (2,4), (1,4), (0,4), (21,4), (20,4), (19,4), (18,4), (17,4), (16,4), (15,4), (14,4), (13,4), (12,4), (11,4), (10,4), (9,4), (8,4), (7,4), (6,4)]
Rule 0 (RowRule): [(6,5), (5,5), (4,5), (3,5), (2,5), (1,5), (0,5), (21,5), (20,5), (19,5), (18,5), (17,5), (16,5), (15,5), (14,5), (13,5), (12,5), (11,5), (10,5), (9,5), (8,5), (7,5)]
Rule 0 (RowRule): [(7,6), (6,6), (5,6), (4,6), (3,6), (2,6), (1,6), (0,6), (21,6), (20,6), (19,6), (18,6), (17,6), (16,6), (15,6), (14,6), (13,6), (12,6), (11,6), (10,6), (9,6), (8,6)]
Rule 0 (RowRule): [(8,7), (7,7), (6,7), (5,7), (4,7), (3,7), (2,7), (1,7), (0,7), (21,7), (20,7), (19,7), (18,7), (17,7), (16,7), (15,7), (14,7), (13,7), (12,7), (11,7), (10,7), (9,7)]
Rule 0 (RowRule): [(9,8), (8,8), (7,8), (6,8), (5,8), (4,8), (3,8), (2,8), (1,8), (0,8), (21,8), (20,8), (19,8), (18,8), (17,8), (16,8), (15,8), (14,8), (13,8), (12,8), (11,8), (10,8)]
Rule 0 (RowRule): [(10,9), (9,9), (8,9), (7,9), (6,9), (5,9), (4,9), (3,9), (2,9), (1,9), (0,9), (21,9), (20,9), (19,9), (18,9), (17,9), (16,9), (15,9), (14,9), (13,9), (12,9), (11,9)]
Rule 0 (RowRule): [(11,10), (10,10), (9,10), (8,10), (7,10), (6,10), (5,10), (4,10), (3,10), (2,10), (1,10), (0,10), (21,10), (20,10), (19,10), (18,10), (17,10), (16,10), (15,10), (14,10), (13,10), (12,10)]
Rule 0 (RowRule): [(12,11), (11,11), (10,11), (9,11), (8,11), (7,11), (6,11), (5,11), (4,11), (3,11), (2,11), (1,11), (0,11), (21,11), (20,11), (19,11), (18,11), (17,11), (16,11), (15,11), (14,11), (13,11)]
Rule 0 (RowRule): [(13,12), (12,12), (11,12), (10,12), (9,12), (8,12), (7,12), (6,12), (5,12), (4,12), (3,12), (2,12), (1,12), (0,12), (21,12), (20,12), (19,12), (18,12), (17,12), (16,12), (15,12), (14,12)]
Rule 0 (RowRule): [(14,13), (13,13), (12,13), (11,13), (10,13), (9,13), (8,13), (7,13), (6,13), (5,13), (4,13), (3,13), (2,13), (1,13), (0,13), (21,13), (20,13), (19,13), (18,13), (17,13), (16,13), (15,13)]
Rule 0 (RowRule): [(15,14), (14,14), (13,14), (12,14), (11,14), (10,14), (9,14), (8,14), (7,14), (6,14), (5,14), (4,14), (3,14), (2,14), (1,14), (0,14), (21,14), (20,14), (19,14), (18,14), (17,14), (16,14)]
Rule 0 (RowRule): [(16,15), (15,15), (14,15), (13,15), (12,15), (11,15), (10,15), (9,15), (8,15), (7,15), (6,15), (5,15), (4,15), (3,15), (2,15), (1,15), (0,15), (21,15), (20,15), (19,15), (18,15), (17,15)]
Rule 0 (RowRule): [(17,16), (16,16), (15,16), (14,16), (13,16), (12,16), (11,16), (10,16), (9,16), (8,16), (7,16), (6,16), (5,16), (4,16), (3,16), (2,16), (1,16), (0,16), (21,16), (20,16), (19,16), (18,16)]
Rule 0 (RowRule): [(18,17), (17,17), (16,17), (15,17), (14,17), (13,17), (12,17), (11,17), (10,17), (9,17), (8,17), (7,17), (6,17), (5,17), (4,17), (3,17), (2,17), (1,17), (0,17), (21,17), (20,17), (19,17)]
Rule 0 (RowRule): [(19,18), (18,18), (17,18), (16,18), (15,18), (14,18), (13,18), (12,18), (11,18), (10,18), (9,18), (8,18), (7,18), (6,18), (5,18), (4,18), (3,18), (2,18), (1,18), (0,18), (21,18), (20,18)]
Rule 0 (RowRule): [(20,19), (19,19), (18,19), (17,19), (16,19), (15,19), (14,19), (13,19), (12,19), (11,19), (10,19), (9,19), (8,19), (7,19), (6,19), (5,19), (4,19), (3,19), (2,19), (1,19), (0,19), (21,19)]
Rule 0 (RowRule): [(21,20), (20,20), (19,20), (18,20), (17,20), (16,20), (15,20), (14,20), (13,20), (12,20), (11,20), (10,20), (9,20), (8,20), (7,20), (6,20), (5,20), (4,20), (3,20), (2,20), (1,20), (0,20)]
Rule 0 (RowRule): [(21,21), (20,21), (19,21), (18,21), (17,21), (16,21), (15,21), (14,21), (13,21), (12,21), (11,21), (10,21), (9,21), (8,21), (7,21), (6,21), (5,21), (4,21), (3,21), (2,21), (1,21), (0,21)]
Rule 0 (ColumnRule): [(0,0), (0,1), (0,2), (0,3), (0,4), (0,5), (0,6), (0,7), (0,8), (0,9), (0,10), (0,11), (0,12), (0,13), (0,14), (0,15), (0,16), (0,17), (0,18), (0,19), (0,20), (0,21)]
Rule 0 (ColumnRule): [(1,0), (1,1), (1,2), (1,3), (1,4), (1,5), (1,6), (1,7), (1,8), (1,9), (1,10), (1,11), (1,12), (1,13), (1,14), (1,15), (1,16), (1,17), (1,18), (1,19), (1,20), (1,21)]
Rule 0 (ColumnRule): [(2,1), (2,2), (2,3), (2,4), (2,5), (2,6), (2,7), (2,8), (2,9), (2,10), (2,11), (2,12), (2,13), (2,14), (2,15), (2,16), (2,17), (2,18), (2,19), (2,20), (2,21), (2,0)]
Rule 0 (ColumnRule): [(3,2), (3,3), (3,4), (3,5), (3,6), (3,7), (3,8), (3,9), (3,10), (3,11), (3,12), (3,13), (3,14), (3,15), (3,16), (3,17), (3,18), (3,19), (3,20), (3,21), (3,0), (3,1)]
Rule 0 (ColumnRule): [(4,3), (4,4), (4,5), (4,6), (4,7), (4,8), (4,9), (4,10), (4,11), (4,12), (4,13), (4,14), (4,15), (4,16), (4,17), (4,18), (4,19), (4,20), (4,21), (4,0), (4,1), (4,2)]
Rule 0 (ColumnRule): [(5,4), (5,5), (5,6), (5,7), (5,8), (5,9), (5,10), (5,11), (5,12), (5,13), (5,14), (5,15), (5,16), (5,17), (5,18), (5,19), (5,20), (5,21), (5,0), (5,1), (5,2), (5,3)]
Rule 0 (ColumnRule): [(6,5), (6,6), (6,7), (6,8), (6,9), (6,10), (6,11), (6,12), (6,13), (6,14), (6,15), (6,16), (6,17), (6,18), (6,19), (6,20), (6,21), (6,0), (6,1), (6,2), (6,3), (6,4)]
Rule 0 (ColumnRule): [(7,6), (7,7), (7,8), (7,9), (7,10), (7,11), (7,12), (7,13), (7,14), (7,15), (7,16), (7,17), (7,18), (7,19), (7,20), (7,21), (7,0), (7,1), (7,2), (7,3), (7,4), (7,5)]
Rule 0 (ColumnRule): [(8,7), (8,8), (8,9), (8,10), (8,11), (8,12), (8,13), (8,14), (8,15), (8,16), (8,17), (8,18), (8,19), (8,20), (8,21), (8,0), (8,1), (8,2), (8,3), (8,4), (8,5), (8,6)]
Rule 0 (ColumnRule): [(9,8), (9,9), (9,10), (9,11), (9,12), (9,13), (9,14), (9,15), (9,16), (9,17), (9,18), (9,19), (9,20), (9,21), (9,0), (9,1), (9,2), (9,3), (9,4), (9,5), (9,6), (9,7)]
Rule 0 (ColumnRule): [(10,9), (10,10), (10,11), (10,12), (10,13), (10,14), (10,15), (10,16), (10,17), (10,18), (10,19), (10,20), (10,21), (10,0), (10,1), (10,2), (10,3), (10,4), (10,5), (10,6), (10,7), (10,8)]
Rule 0 (ColumnRule): [(11,10), (11,11), (11,12), (11,13), (11,14), (11,15), (11,16), (11,17), (11,18), (11,19), (11,20), (11,21), (11,0), (11,1), (11,2), (11,3), (11,4), (11,5), (11,6), (11,7), (11,8), (11,9)]
Rule 0 (ColumnRule): [(12,11), (12,12), (12,13), (12,14), (12,15), (12,16), (12,17), (12,18), (12,19), (12,20), (12,21), (12,0), (12,1), (12,2), (12,3), (12,4), (12,5), (12,6), (12,7), (12,8), (12,9), (12,10)]
Rule 0 (ColumnRule): [(13,12), (13,13), (13,14), (13,15), (13,16), (13,17), (13,18), (13,19), (13,20), (13,21), (13,0), (13,1), (13,2), (13,3), (13,4), (13,5), (13,6), (13,7), (13,8), (13,9), (13,10), (13,11)]
Rule 0 (ColumnRule): [(14,13), (14,14), (14,15), (14,16), (14,17), (14,18), (14,19), (14,20), (14,21), (14,0), (14,1), (14,2), (14,3), (14,4), (14,5), (14,6), (14,7), (14,8), (14,9), (14,10), (14,11), (14,12)]
Rule 0 (ColumnRule): [(15,14), (15,15), (15,16), (15,17), (15,18), (15,19), (15,20), (15,21), (15,0), (15,1), (15,2), (15,3), (15,4), (15,5), (15,6), (15,7), (15,8), (15,9), (15,10), (15,11), (15,12), (15,13)]
Rule 0 (ColumnRule): [(16,15), (16,16), (16,17), (16,18), (16,19), (16,20), (16,21), (16,0), (16,1), (16,2), (16,3), (16,4), (16,5), (16,6), (16,7), (16,8), (16,9), (16,10), (16,11), (16,12), (16,13), (16,14)]
Rule 0 (ColumnRule): [(17,16), (17,17), (17,18), (17,19), (17,20), (17,21), (17,0), (17,1), (17,2), (17,3), (17,4), (17,5), (17,6), (17,7), (17,8), (17,9), (17,10), (17,11), (17,12), (17,13), (17,14), (17,15)]
Rule 0 (ColumnRule): [(18,17), (18,18), (18,19), (18,20), (18,21), (18,0), (18,1), (18,2), (18,3), (18,4), (18,5), (18,6), (18,7), (18,8), (18,9), (18,10), (18,11), (18,12), (18,13), (18,14), (18,15), (18,16)]
Rule 0 (ColumnRule): [(19,18), (19,19), (19,20), (19,21), (19,0), (19,1), (19,2), (19,3), (19,4), (19,5), (19,6), (19,7), (19,8), (19,9), (19,10), (19,11), (19,12), (19,13), (19,14), (19,15), (19,16), (19,17)]
Rule 0 (ColumnRule): [(20,19), (20,20), (20,21), (20,0), (20,1), (20,2), (20,3), (20,4), (20,5), (20,6), (20,7), (20,8), (20,9), (20,10), (20,11), (20,12), (20,13), (20,14), (20,15), (20,16), (20,17), (20,18)]
Rule 0 (ColumnRule): [(21,20), (21,21), (21,0), (21,1), (21,2), (21,3), (21,4), (21,5), (21,6), (21,7), (21,8), (21,9), (21,10), (21,11), (21,12), (21,13), (21,14), (21,15), (21,16), (21,17), (21,18), (21,19)]

Rules Cell:
Cell (0, 0): [0, 22, 44]
Cell (1, 0): [0, 22, 45]
Cell (2, 0): [0, 22, 46]
Cell (3, 0): [0, 22, 47]
Cell (4, 0): [0, 22, 48]
Cell (5, 0): [0, 22, 49]
Cell (6, 0): [0, 22, 50]
Cell (7, 0): [0, 22, 51]
Cell (8, 0): [0, 22, 52]
Cell (9, 0): [0, 22, 53]
Cell (10, 0): [0, 22, 54]
Cell (11, 0): [1, 22, 55]
Cell (12, 0): [1, 22, 56]
Cell (13, 0): [1, 22, 57]
Cell (14, 0): [1, 22, 58]
Cell (15, 0): [1, 22, 59]
Cell (16, 0): [1, 22, 60]
Cell (17, 0): [1, 22, 61]
Cell (18, 0): [1, 22, 62]
Cell (19, 0): [1, 22, 63]
Cell (20, 0): [1, 22, 64]
Cell (21, 0): [1, 22, 65]
Cell (0, 1): [0, 23, 44]
Cell (1, 1): [0, 23, 45]
Cell (2, 1): [0, 23, 46]
Cell (3, 1): [0, 23, 47]
Cell (4, 1): [0, 23, 48]
Cell (5, 1): [0, 23, 49]
Cell (6, 1): [0, 23, 50]
Cell (7, 1): [0, 23, 51]
Cell (8, 1): [0, 23, 52]
Cell (9, 1): [0, 23, 53]
Cell (10, 1): [0, 23, 54]
Cell (11, 1): [1, 23, 55]
Cell (12, 1): [1, 23, 56]
Cell (13, 1): [1, 23, 57]
Cell (14, 1): [1, 23, 58]
Cell (15, 1): [1, 23, 59]
Cell (16, 1): [1, 23, 60]
Cell (17, 1): [1, 23, 61]
Cell (18, 1): [1, 23, 62]
Cell (19, 1): [1, 23, 63]
Cell (20, 1): [1, 23, 64]
Cell (21, 1): [1, 23, 65]
Cell (0, 2): [2, 24, 44]
Cell (1, 2): [2, 24, 45]
Cell (2, 2): [2, 24, 46]
Cell (3, 2): [2, 24, 47]
Cell (4, 2): [2, 24, 48]
Cell (5, 2): [2, 24, 49]
Cell (6, 2): [2, 24, 50]
Cell (7, 2): [2, 24, 51]
Cell (8, 2): [2, 24, 52]
Cell (9, 2): [2, 24, 53]
Cell (10, 2): [2, 24, 54]
Cell (11, 2): [3, 24, 55]
Cell (12, 2): [3, 24, 56]
Cell (13, 2): [3, 24, 57]
Cell (14, 2): [3, 24, 58]
Cell (15, 2): [3, 24, 59]
Cell (16, 2): [3, 24, 60]
Cell (17, 2): [3, 24, 61]
Cell (18, 2): [3, 24, 62]
Cell (19, 2): [3, 24, 63]
Cell (20, 2): [3, 24, 64]
Cell (21, 2): [3, 24, 65]
Cell (0, 3): [2, 25, 44]
Cell (1, 3): [2, 25, 45]
Cell (2, 3): [2, 25, 46]
Cell (3, 3): [2, 25, 47]
Cell (4, 3): [2, 25, 48]
Cell (5, 3): [2, 25, 49]
Cell (6, 3): [2, 25, 50]
Cell (7, 3): [2, 25, 51]
Cell (8, 3): [2, 25, 52]
Cell (9, 3): [2, 25, 53]
Cell (10, 3): [2, 25, 54]
Cell (11, 3): [3, 25, 55]
Cell (12, 3): [3, 25, 56]
Cell (13, 3): [3, 25, 57]
Cell (14, 3): [3, 25, 58]
Cell (15, 3): [3, 25, 59]
Cell (16, 3): [3, 25, 60]
Cell (17, 3): [3, 25, 61]
Cell (18, 3): [3, 25, 62]
Cell (19, 3): [3, 25, 63]
Cell (20, 3): [3, 25, 64]
Cell (21, 3): [3, 25, 65]
Cell (0, 4): [4, 26, 44]
Cell (1, 4): [4, 26, 45]
Cell (2, 4): [4, 26, 46]
Cell (3, 4): [4, 26, 47]
Cell (4, 4): [4, 26, 48]
Cell (5, 4): [4, 26, 49]
Cell (6, 4): [4, 26, 50]
Cell (7, 4): [4, 26, 51]
Cell (8, 4): [4, 26, 52]
Cell (9, 4): [4, 26, 53]
Cell (10, 4): [4, 26, 54]
Cell (11, 4): [5, 26, 55]
Cell (12, 4): [5, 26, 56]
Cell (13, 4): [5, 26, 57]
Cell (14, 4): [5, 26, 58]
Cell (15, 4): [5, 26, 59]
Cell (16, 4): [5, 26, 60]
Cell (17, 4): [5, 26, 61]
Cell (18, 4): [5, 26, 62]
Cell (19, 4): [5, 26, 63]
Cell (20, 4): [5, 26, 64]
Cell (21, 4): [5, 26, 65]
Cell (0, 5): [4, 27, 44]
Cell (1, 5): [4, 27, 45]
Cell (2, 5): [4, 27, 46]
Cell (3, 5): [4, 27, 47]
Cell (4, 5): [4, 27, 48]
Cell (5, 5): [4, 27, 49]
Cell (6, 5): [4, 27, 50]
Cell (7, 5): [4, 27, 51]
Cell (8, 5): [4, 27, 52]
Cell (9, 5): [4, 27, 53]
Cell (10, 5): [4, 27, 54]
Cell (11, 5): [5, 27, 55]
Cell (12, 5): [5, 27, 56]
Cell (13, 5): [5, 27, 57]
Cell (14, 5): [5, 27, 58]
Cell (15, 5): [5, 27, 59]
Cell (16, 5): [5, 27, 60]
Cell (17, 5): [5, 27, 61]
Cell (18, 5): [5, 27, 62]
Cell (19, 5): [5, 27, 63]
Cell (20, 5): [5, 27, 64]
Cell (21, 5): [5, 27, 65]
Cell (0, 6): [6, 28, 44]
Cell (1, 6): [6, 28, 45]
Cell (2, 6): [6, 28, 46]
Cell (3, 6): [6, 28, 47]
Cell (4, 6): [6, 28, 48]
Cell (5, 6): [6, 28, 49]
Cell (6, 6): [6, 28, 50]
Cell (7, 6): [6, 28, 51]
Cell (8, 6): [6, 28, 52]
Cell (9, 6): [6, 28, 53]
Cell (10, 6): [6, 28, 54]
Cell (11, 6): [7, 28, 55]
Cell (12, 6): [7, 28, 56]
Cell (13, 6): [7, 28, 57]
Cell (14, 6): [7, 28, 58]
Cell (15, 6): [7, 28, 59]
Cell (16, 6): [7, 28, 60]
Cell (17, 6): [7, 28, 61]
Cell (18, 6): [7, 28, 62]
Cell (19, 6): [7, 28, 63]
Cell (20, 6): [7, 28, 64]
Cell (21, 6): [7, 28, 65]
Cell (0, 7): [6, 29, 44]
Cell (1, 7): [6, 29, 45]
Cell (2, 7): [6, 29, 46]
Cell (3, 7): [6, 29, 47]
Cell (4, 7): [6, 29, 48]
Cell (5, 7): [6, 29, 49]
Cell (6, 7): [6, 29, 50]
Cell (7, 7): [6, 29, 51]
Cell (8, 7): [6, 29, 52]
Cell (9, 7): [6, 29, 53]
Cell (10, 7): [6, 29, 54]
Cell (11, 7): [7, 29, 55]
Cell (12, 7): [7, 29, 56]
Cell (13, 7): [7, 29, 57]
Cell (14, 7): [7, 29, 58]
Cell (15, 7): [7, 29, 59]
Cell (16, 7): [7, 29, 60]
Cell (17, 7): [7, 29, 61]
Cell (18, 7): [7, 29, 62]
Cell (19, 7): [7, 29, 63]
Cell (20, 7): [7, 29, 64]
Cell (21, 7): [7, 29, 65]
Cell (0, 8): [8, 30, 44]
Cell (1, 8): [8, 30, 45]
Cell (2, 8): [8, 30, 46]
Cell (3, 8): [8, 30, 47]
Cell (4, 8): [8, 30, 48]
Cell (5, 8): [8, 30, 49]
Cell (6, 8): [8, 30, 50]
Cell (7, 8): [8, 30, 51]
Cell (8, 8): [8, 30, 52]
Cell (9, 8): [8, 30, 53]
Cell (10, 8): [8, 30, 54]
Cell (11, 8): [9, 30, 55]
Cell (12, 8): [9, 30, 56]
Cell (13, 8): [9, 30, 57]
Cell (14, 8): [9, 30, 58]
Cell (15, 8): [9, 30, 59]
Cell (16, 8): [9, 30, 60]
Cell (17, 8): [9, 30, 61]
Cell (18, 8): [9, 30, 62]
Cell (19, 8): [9, 30, 63]
Cell (20, 8): [9, 30, 64]
Cell (21, 8): [9, 30, 65]
Cell (0, 9): [8, 31, 44]
Cell (1, 9): [8, 31, 45]
Cell (2, 9): [8, 31, 46]
Cell (3, 9): [8, 31, 47]
Cell (4, 9): [8, 31, 48]
Cell (5, 9): [8, 31, 49]
Cell (6, 9): [8, 31, 50]
Cell (7, 9): [8, 31, 51]
Cell (8, 9): [8, 31, 52]
Cell (9, 9): [8, 31, 53]
Cell (10, 9): [8, 31, 54]
Cell (11, 9): [9, 31, 55]
Cell (12, 9): [9, 31, 56]
Cell (13, 9): [9, 31, 57]
Cell (14, 9): [9, 31, 58]
Cell (15, 9): [9, 31, 59]
Cell (16, 9): [9, 31, 60]
Cell (17, 9): [9, 31, 61]
Cell (18, 9): [9, 31, 62]
Cell (19, 9): [9, 31, 63]
Cell (20, 9): [9, 31, 64]
Cell (21, 9): [9, 31, 65]
Cell (0, 10): [10, 32, 44]
Cell (1, 10): [10, 32, 45]
Cell (2, 10): [10, 32, 46]
Cell (3, 10): [10, 32, 47]
Cell (4, 10): [10, 32, 48]
Cell (5, 10): [10, 32, 49]
Cell (6, 10): [10, 32, 50]
Cell (7, 10): [10, 32, 51]
Cell (8, 10): [10, 32, 52]
Cell (9, 10): [10, 32, 53]
Cell (10, 10): [10, 32, 54]
Cell (11, 10): [11, 32, 55]
Cell (12, 10): [11, 32, 56]
Cell (13, 10): [11, 32, 57]
Cell (14, 10): [11, 32, 58]
Cell (15, 10): [11, 32, 59]
Cell (16, 10): [11, 32, 60]
Cell (17, 10): [11, 32, 61]
Cell (18, 10): [11, 32, 62]
Cell (19, 10): [11, 32, 63]
Cell (20, 10): [11, 32, 64]
Cell (21, 10): [11, 32, 65]
Cell (0, 11): [10, 33, 44]
Cell (1, 11): [10, 33, 45]
Cell (2, 11): [10, 33, 46]
Cell (3, 11): [10, 33, 47]
Cell (4, 11): [10, 33, 48]
Cell (5, 11): [10, 33, 49]
Cell (6, 11): [10, 33, 50]
Cell (7, 11): [10, 33, 51]
Cell (8, 11): [10, 33, 52]
Cell (9, 11): [10, 33, 53]
Cell (10, 11): [10, 33, 54]
Cell (11, 11): [11, 33, 55]
Cell (12, 11): [11, 33, 56]
Cell (13, 11): [11, 33, 57]
Cell (14, 11): [11, 33, 58]
Cell (15, 11): [11, 33, 59]
Cell (16, 11): [11, 33, 60]
Cell (17, 11): [11, 33, 61]
Cell (18, 11): [11, 33, 62]
Cell (19, 11): [11, 33, 63]
Cell (20, 11): [11, 33, 64]
Cell (21, 11): [11, 33, 65]
Cell (0, 12): [12, 34, 44]
Cell (1, 12): [12, 34, 45]
Cell (2, 12): [12, 34, 46]
Cell (3, 12): [12, 34, 47]
Cell (4, 12): [12, 34, 48]
Cell (5, 12): [12, 34, 49]
Cell (6, 12): [12, 34, 50]
Cell (7, 12): [12, 34, 51]
Cell (8, 12): [12, 34, 52]
Cell (9, 12): [12, 34, 53]
Cell (10, 12): [12, 34, 54]
Cell (11, 12): [13, 34, 55]
Cell (12, 12): [13, 34, 56]
Cell (13, 12): [13, 34, 57]
Cell (14, 12): [13, 34, 58]
Cell (15, 12): [13, 34, 59]
Cell (16, 12): [13, 34, 60]
Cell (17, 12): [13, 34, 61]
Cell (18, 12): [13, 34, 62]
Cell (19, 12): [13, 34, 63]
Cell (20, 12): [13, 34, 64]
Cell (21, 12): [13, 34, 65]
Cell (0, 13): [12, 35, 44]
Cell (1, 13): [12, 35, 45]
Cell (2, 13): [12, 35, 46]
Cell (3, 13): [12, 35, 47]
Cell (4, 13): [12, 35, 48]
Cell (5, 13): [12, 35, 49]
Cell (6, 13): [12, 35, 50]
Cell (7, 13): [12, 35, 51]
Cell (8, 13): [12, 35, 52]
Cell (9, 13): [12, 35, 53]
Cell (10, 13): [12, 35, 54]
Cell (11, 13): [13, 35, 55]
Cell (12, 13): [13, 35, 56]
Cell (13, 13): [13, 35, 57]
Cell (14, 13): [13, 35, 58]
Cell (15, 13): [13, 35, 59]
Cell (16, 13): [13, 35, 60]
Cell (17, 13): [13, 35, 61]
Cell (18, 13): [13, 35, 62]
Cell (19, 13): [13, 35, 63]
Cell (20, 13): [13, 35, 64]
Cell (21, 13): [13, 35, 65]
Cell (0, 14): [14, 36, 44]
Cell (1, 14): [14, 36, 45]
Cell (2, 14): [14, 36, 46]
Cell (3, 14): [14, 36, 47]
Cell (4, 14): [14, 36, 48]
Cell (5, 14): [14, 36, 49]
Cell (6, 14): [14, 36, 50]
Cell (7, 14): [14, 36, 51]
Cell (8, 14): [14, 36, 52]
Cell (9, 14): [14, 36, 53]
Cell (10, 14): [14, 36, 54]
Cell (11, 14): [15, 36, 55]
Cell (12, 14): [15, 36, 56]
Cell (13, 14): [15, 36, 57]
Cell (14, 14): [15, 36, 58]
Cell (15, 14): [15, 36, 59]
Cell (16, 14): [15, 36, 60]
Cell (17, 14): [15, 36, 61]
Cell (18, 14): [15, 36, 62]
Cell (19, 14): [15, 36, 63]
Cell (20, 14): [15, 36, 64]
Cell (21, 14): [15, 36, 65]
Cell (0, 15): [14, 37, 44]
Cell (1, 15): [14, 37, 45]
Cell (2, 15): [14, 37, 46]
Cell (3, 15): [14, 37, 47]
Cell (4, 15): [14, 37, 48]
Cell (5, 15): [14, 37, 49]
Cell (6, 15): [14, 37, 50]
Cell (7, 15): [14, 37, 51]
Cell (8, 15): [14, 37, 52]
Cell (9, 15): [14, 37, 53]
Cell (10, 15): [14, 37, 54]
Cell (11, 15): [15, 37, 55]
Cell (12, 15): [15, 37, 56]
Cell (13, 15): [15, 37, 57]
Cell (14, 15): [15, 37, 58]
Cell (15, 15): [15, 37, 59]
Cell (16, 15): [15, 37, 60]
Cell (17, 15): [15, 37, 61]
Cell (18, 15): [15, 37, 62]
Cell (19, 15): [15, 37, 63]
Cell (20, 15): [15, 37, 64]
Cell (21, 15): [15, 37, 65]
Cell (0, 16): [16, 38, 44]
Cell (1, 16): [16, 38, 45]
Cell (2, 16): [16, 38, 46]
Cell (3, 16): [16, 38, 47]
Cell (4, 16): [16, 38, 48]
Cell (5, 16): [16, 38, 49]
Cell (6, 16): [16, 38, 50]
Cell (7, 16): [16, 38, 51]
Cell (8, 16): [16, 38, 52]
Cell (9, 16): [16, 38, 53]
Cell (10, 16): [16, 38, 54]
Cell (11, 16): [17, 38, 55]
Cell (12, 16): [17, 38, 56]
Cell (13, 16): [17, 38, 57]
Cell (14, 16): [17, 38, 58]
Cell (15, 16): [17, 38, 59]
Cell (16, 16): [17, 38, 60]
Cell (17, 16): [17, 38, 61]
Cell (18, 16): [17, 38, 62]
Cell (19, 16): [17, 38, 63]
Cell (20, 16): [17, 38, 64]
Cell (21, 16): [17, 38, 65]
Cell (0, 17): [16, 39, 44]
Cell (1, 17): [16, 39, 45]
Cell (2, 17): [16, 39, 46]
Cell (3, 17): [16, 39, 47]
Cell (4, 17): [16, 39, 48]
Cell (5, 17): [16, 39, 49]
Cell (6, 17): [16, 39, 50]
Cell (7, 17): [16, 39, 51]
Cell (8, 17): [16, 39, 52]
Cell (9, 17): [16, 39, 53]
Cell (10, 17): [16, 39, 54]
Cell (11, 17): [17, 39, 55]
Cell (12, 17): [17, 39, 56]
Cell (13, 17): [17, 39, 57]
Cell (14, 17): [17, 39, 58]
Cell (15, 17): [17, 39, 59]
Cell (16, 17): [17, 39, 60]
Cell (17, 17): [17, 39, 61]
Cell (18, 17): [17, 39, 62]
Cell (19, 17): [17, 39, 63]
Cell (20, 17): [17, 39, 64]
Cell (21, 17): [17, 39, 65]
Cell (0, 18): [18, 40, 44]
Cell (1, 18): [18, 40, 45]
Cell (2, 18): [18, 40, 46]
Cell (3, 18): [18, 40, 47]
Cell (4, 18): [18, 40, 48]
Cell (5, 18): [18, 40, 49]
Cell (6, 18): [18, 40, 50]
Cell (7, 18): [18, 40, 51]
Cell (8, 18): [18, 40, 52]
Cell (9, 18): [18, 40, 53]
Cell (10, 18): [18, 40, 54]
Cell (11, 18): [19, 40, 55]
Cell (12, 18): [19, 40, 56]
Cell (13, 18): [19, 40, 57]
Cell (14, 18): [19, 40, 58]
Cell (15, 18): [19, 40, 59]
Cell (16, 18): [19, 40, 60]
Cell (17, 18): [19, 40, 61]
Cell (18, 18): [19, 40, 62]
Cell (19, 18): [19, 40, 63]
Cell (20, 18): [19, 40, 64]
Cell (21, 18): [19, 40, 65]
Cell (0, 19): [18, 41, 44]
Cell (1, 19): [18, 41, 45]
Cell (2, 19): [18, 41, 46]
Cell (3, 19): [18, 41, 47]
Cell (4, 19): [18, 41, 48]
Cell (5, 19): [18, 41, 49]
Cell (6, 19): [18, 41, 50]
Cell (7, 19): [18, 41, 51]
Cell (8, 19): [18, 41, 52]
Cell (9, 19): [18, 41, 53]
Cell (10, 19): [18, 41, 54]
Cell (11, 19): [19, 41, 55]
Cell (12, 19): [19, 41, 56]
Cell (13, 19): [19, 41, 57]
Cell (14, 19): [19, 41, 58]
Cell (15, 19): [19, 41, 59]
Cell (16, 19): [19, 41, 60]
Cell (17, 19): [19, 41, 61]
Cell (18, 19): [19, 41, 62]
Cell (19, 19): [19, 41, 63]
Cell (20, 19): [19, 41, 64]
Cell (21, 19): [19, 41, 65]
Cell (0, 20): [20, 42, 44]
Cell (1, 20): [20, 42, 45]
Cell (2, 20): [20, 42, 46]
Cell (3, 20): [20, 42, 47]
Cell (4, 20): [20, 42, 48]
Cell (5, 20): [20, 42, 49]
Cell (6, 20): [20, 42, 50]
Cell (7, 20): [20, 42, 51]
Cell (8, 20): [20, 42, 52]
Cell (9, 20): [20, 42, 53]
Cell (10, 20): [20, 42, 54]
Cell (11, 20): [21, 42, 55]
Cell (12, 20): [21, 42, 56]
Cell (13, 20): [21, 42, 57]
Cell (14, 20): [21, 42, 58]
Cell (15, 20): [21, 42, 59]
Cell (16, 20): [21, 42, 60]
Cell (17, 20): [21, 42, 61]
Cell (18, 20): [21, 42, 62]
Cell (19, 20): [21, 42, 63]
Cell (20, 20): [21, 42, 64]
Cell (21, 20): [21, 42, 65]
Cell (0, 21): [20, 43, 44]
Cell (1, 21): [20, 43, 45]
Cell (2, 21): [20, 43, 46]
Cell (3, 21): [20, 43, 47]
Cell (4, 21): [20, 43, 48]
Cell (5, 21): [20, 43, 49]
Cell (6, 21): [20, 43, 50]
Cell (7, 21): [20, 43, 51]
Cell (8, 21): [20, 43, 52]
Cell (9, 21): [20, 43, 53]
Cell (10, 21): [20, 43, 54]
Cell (11, 21): [21, 43, 55]
Cell (12, 21): [21, 43, 56]
Cell (13, 21): [21, 43, 57]
Cell (14, 21): [21, 43, 58]
Cell (15, 21): [21, 43, 59]
Cell (16, 21): [21, 43, 60]
Cell (17, 21): [21, 43, 61]
Cell (18, 21): [21, 43, 62]
Cell (19, 21): [21, 43, 63]
Cell (20, 21): [21, 43, 64]
Cell (21, 21): [21, 43, 65]

Grid:
11 22 12 13 14 15 16 17 18 19 1 2 3 4 5 6 7 8 9 20 10 21 
2 3 4 5 6 7 8 9 20 10 21 11 22 12 13 14 15 16 17 18 19 1 
22 1 11 12 13 14 15 16 17 18 19 10 4 21 3 5 6 7 8 9 20 2 
3 21 2 4 5 6 7 8 9 20 10 22 1 11 12 13 14 15 16 17 18 19 
12 11 19 2 22 13 14 15 16 17 18 9 20 5 10 21 4 6 7 8 1 3 
20 4 10 21 1 5 6 7 8 9 3 12 18 19 2 11 22 13 14 15 16 17 
13 12 17 19 21 2 11 22 14 15 16 7 5 9 20 10 1 3 4 6 8 18 
6 9 7 20 10 18 4 5 3 1 8 13 17 22 16 15 2 21 12 19 14 11 
14 13 22 6 17 1 20 3 19 11 12 5 15 8 18 7 10 2 21 16 9 4 
9 16 5 7 4 21 2 18 10 8 15 3 11 6 22 1 17 19 20 12 13 14 
15 14 13 11 12 4 1 19 22 3 6 8 2 16 7 17 20 9 18 21 5 10 
21 20 8 18 7 10 9 2 5 16 17 19 12 15 4 22 11 14 3 1 6 13 
16 2 14 22 11 12 13 6 1 5 9 4 10 18 8 19 21 20 15 3 17 7 
8 10 18 15 19 17 3 21 4 7 20 14 16 13 6 12 5 11 1 22 2 9 
17 15 1 14 8 9 19 12 13 22 4 16 21 20 11 2 3 18 10 5 7 6 
7 18 21 16 3 20 10 11 2 6 5 15 19 14 17 4 9 1 22 13 12 8 
18 19 3 8 15 11 17 10 12 14 13 20 6 1 21 9 16 4 2 7 22 5 
1 5 6 9 16 22 21 20 7 4 2 17 13 3 14 18 8 12 19 10 11 15 
19 6 15 17 2 16 5 4 11 12 7 21 9 10 1 8 18 22 13 14 3 20 
10 8 9 1 20 3 18 14 21 13 22 6 7 17 15 16 19 5 11 2 4 12 
4 7 20 10 18 19 22 13 6 21 14 1 8 2 9 3 12 17 5 11 15 16 
5 17 16 3 9 8 12 1 15 2 11 18 14 7 19 20 13 10 6 4 21 22 
