Size: 14x14

Symboles : [11, 12, 13, 14, 1, 2, 3, 4, 5, 6, 7, 8, 9, 10]

Rules:
Rule 0 (BlockRule): [(1,0), (0,0), (1,1), (0,1), (1,2), (0,2), (1,3), (0,3), (1,4), (0,4), (1,5), (0,5), (1,6), (0,6)]
Rule 0 (BlockRule): [(2,1), (3,2), (2,2), (3,3), (2,3), (3,4), (2,4), (3,5), (2,5), (3,6), (2,6), (3,0), (2,0), (3,1)]
Rule 0 (BlockRule): [(4,3), (5,4), (4,4), (5,5), (4,5), (5,6), (4,6), (5,0), (4,0), (5,1), (4,1), (5,2), (4,2), (5,3)]
Rule 0 (BlockRule): [(6,5), (7,6), (6,6), (7,0), (6,0), (7,1), (6,1), (7,2), (6,2), (7,3), (6,3), (7,4), (6,4), (7,5)]
Rule 0 (BlockRule): [(9,0), (8,0), (9,1), (8,1), (9,2), (8,2), (9,3), (8,3), (9,4), (8,4), (9,5), (8,5), (9,6), (8,6)]
Rule 0 (BlockRule): [(11,0), (10,0), (11,1), (10,1), (11,2), (10,2), (11,3), (10,3), (11,4), (10,4), (11,5), (10,5), (11,6), (10,6)]
Rule 0 (BlockRule): [(13,0), (12,0), (13,1), (12,1), (13,2), (12,2), (13,3), (12,3), (13,4), (12,4), (13,5), (12,5), (13,6), (12,6)]
Rule 0 (BlockRule): [(1,7), (0,7), (1,8), (0,8), (1,9), (0,9), (1,10), (0,10), (1,11), (0,11), (1,12), (0,12), (1,13), (0,13)]
Rule 0 (BlockRule): [(3,7), (2,7), (3,8), (2,8), (3,9), (2,9), (3,10), (2,10), (3,11), (2,11), (3,12), (2,12), (3,13), (2,13)]
Rule 0 (BlockRule): [(5,7), (4,7), (5,8), (4,8), (5,9), (4,9), (5,10), (4,10), (5,11), (4,11), (5,12), (4,12), (5,13), (4,13)]
Rule 0 (BlockRule): [(7,7), (6,7), (7,8), (6,8), (7,9), (6,9), (7,10), (6,10), (7,11), (6,11), (7,12), (6,12), (7,13), (6,13)]
Rule 0 (BlockRule): [(8,7), (9,8), (8,8), (9,9), (8,9), (9,10), (8,10), (9,11), (8,11), (9,12), (8,12), (9,13), (8,13), (9,7)]
Rule 0 (BlockRule): [(10,9), (11,10), (10,10), (11,11), (10,11), (11,12), (10,12), (11,13), (10,13), (11,7), (10,7), (11,8), (10,8), (11,9)]
Rule 0 (BlockRule): [(12,11), (13,12), (12,12), (13,13), (12,13), (13,7), (12,7), (13,8), (12,8), (13,9), (12,9), (13,10), (12,10), (13,11)]
Rule 0 (RowRule): [(1,0), (0,0), (13,0), (12,0), (11,0), (10,0), (9,0), (8,0), (7,0), (6,0), (5,0), (4,0), (3,0), (2,0)]
Rule 0 (RowRule): [(2,1), (1,1), (0,1), (13,1), (12,1), (11,1), (10,1), (9,1), (8,1), (7,1), (6,1), (5,1), (4,1), (3,1)]
Rule 0 (RowRule): [(3,2), (2,2), (1,2), (0,2), (13,2), (12,2), (11,2), (10,2), (9,2), (8,2), (7,2), (6,2), (5,2), (4,2)]
Rule 0 (RowRule): [(4,3), (3,3), (2,3), (1,3), (0,3), (13,3), (12,3), (11,3), (10,3), (9,3), (8,3), (7,3), (6,3), (5,3)]
Rule 0 (RowRule): [(5,4), (4,4), (3,4), (2,4), (1,4), (0,4), (13,4), (12,4), (11,4), (10,4), (9,4), (8,4), (7,4), (6,4)]
Rule 0 (RowRule): [(6,5), (5,5), (4,5), (3,5), (2,5), (1,5), (0,5), (13,5), (12,5), (11,5), (10,5), (9,5), (8,5), (7,5)]
Rule 0 (RowRule): [(7,6), (6,6), (5,6), (4,6), (3,6), (2,6), (1,6), (0,6), (13,6), (12,6), (11,6), (10,6), (9,6), (8,6)]
Rule 0 (RowRule): [(8,7), (7,7), (6,7), (5,7), (4,7), (3,7), (2,7), (1,7), (0,7), (13,7), (12,7), (11,7), (10,7), (9,7)]
Rule 0 (RowRule): [(9,8), (8,8), (7,8), (6,8), (5,8), (4,8), (3,8), (2,8), (1,8), (0,8), (13,8), (12,8), (11,8), (10,8)]
Rule 0 (RowRule): [(10,9), (9,9), (8,9), (7,9), (6,9), (5,9), (4,9), (3,9), (2,9), (1,9), (0,9), (13,9), (12,9), (11,9)]
Rule 0 (RowRule): [(11,10), (10,10), (9,10), (8,10), (7,10), (6,10), (5,10), (4,10), (3,10), (2,10), (1,10), (0,10), (13,10), (12,10)]
Rule 0 (RowRule): [(12,11), (11,11), (10,11), (9,11), (8,11), (7,11), (6,11), (5,11), (4,11), (3,11), (2,11), (1,11), (0,11), (13,11)]
Rule 0 (RowRule): [(13,12), (12,12), (11,12), (10,12), (9,12), (8,12), (7,12), (6,12), (5,12), (4,12), (3,12), (2,12), (1,12), (0,12)]
Rule 0 (RowRule): [(13,13), (12,13), (11,13), (10,13), (9,13), (8,13), (7,13), (6,13), (5,13), (4,13), (3,13), (2,13), (1,13), (0,13)]
Rule 0 (ColumnRule): [(0,0), (0,1), (0,2), (0,3), (0,4), (0,5), (0,6), (0,7), (0,8), (0,9), (0,10), (0,11), (0,12), (0,13)]
Rule 0 (ColumnRule): [(1,0), (1,1), (1,2), (1,3), (1,4), (1,5), (1,6), (1,7), (1,8), (1,9), (1,10), (1,11), (1,12), (1,13)]
Rule 0 (ColumnRule): [(2,1), (2,2), (2,3), (2,4), (2,5), (2,6), (2,7), (2,8), (2,9), (2,10), (2,11), (2,12), (2,13), (2,0)]
Rule 0 (ColumnRule): [(3,2), (3,3), (3,4), (3,5), (3,6), (3,7), (3,8), (3,9), (3,10), (3,11), (3,12), (3,13), (3,0), (3,1)]
Rule 0 (ColumnRule): [(4,3), (4,4), (4,5), (4,6), (4,7), (4,8), (4,9), (4,10), (4,11), (4,12), (4,13), (4,0), (4,1), (4,2)]
Rule 0 (ColumnRule): [(5,4), (5,5), (5,6), (5,7), (5,8), (5,9), (5,10), (5,11), (5,12), (5,13), (5,0), (5,1), (5,2), (5,3)]
Rule 0 (ColumnRule): [(6,5), (6,6), (6,7), (6,8), (6,9), (6,10), (6,11), (6,12), (6,13), (6,0), (6,1), (6,2), (6,3), (6,4)]
Rule 0 (ColumnRule): [(7,6), (7,7), (7,8), (7,9), (7,10), (7,11), (7,12), (7,13), (7,0), (7,1), (7,2), (7,3), (7,4), (7,5)]
Rule 0 (ColumnRule): [(8,7), (8,8), (8,9), (8,10), (8,11), (8,12), (8,13), (8,0), (8,1), (8,2), (8,3), (8,4), (8,5), (8,6)]
Rule 0 (ColumnRule): [(9,8), (9,9), (9,10), (9,11), (9,12), (9,13), (9,0), (9,1), (9,2), (9,3), (9,4), (9,5), (9,6), (9,7)]
Rule 0 (ColumnRule): [(10,9), (10,10), (10,11), (10,12), (10,13), (10,0), (10,1), (10,2), (10,3), (10,4), (10,5), (10,6), (10,7), (10,8)]
Rule 0 (ColumnRule): [(11,10), (11,11), (11,12), (11,13), (11,0), (11,1), (11,2), (11,3), (11,4), (11,5), (11,6), (11,7), (11,8), (11,9)]
Rule 0 (ColumnRule): [(12,11), (12,12), (12,13), (12,0), (12,1), (12,2), (12,3), (12,4), (12,5), (12,6), (12,7), (12,8), (12,9), (12,10)]
Rule 0 (ColumnRule): [(13,12), (13,13), (13,0), (13,1), (13,2), (13,3), (13,4), (13,5), (13,6), (13,7), (13,8), (13,9), (13,10), (13,11)]

Rules Cell:
Cell (0, 0): [0, 14, 28]
Cell (1, 0): [0, 14, 29]
Cell (2, 0): [1, 14, 30]
Cell (3, 0): [1, 14, 31]
Cell (4, 0): [2, 14, 32]
Cell (5, 0): [2, 14, 33]
Cell (6, 0): [3, 14, 34]
Cell (7, 0): [3, 14, 35]
Cell (8, 0): [4, 14, 36]
Cell (9, 0): [4, 14, 37]
Cell (10, 0): [5, 14, 38]
Cell (11, 0): [5, 14, 39]
Cell (12, 0): [6, 14, 40]
Cell (13, 0): [6, 14, 41]
Cell (0, 1): [0, 15, 28]
Cell (1, 1): [0, 15, 29]
Cell (2, 1): [1, 15, 30]
Cell (3, 1): [1, 15, 31]
Cell (4, 1): [2, 15, 32]
Cell (5, 1): [2, 15, 33]
Cell (6, 1): [3, 15, 34]
Cell (7, 1): [3, 15, 35]
Cell (8, 1): [4, 15, 36]
Cell (9, 1): [4, 15, 37]
Cell (10, 1): [5, 15, 38]
Cell (11, 1): [5, 15, 39]
Cell (12, 1): [6, 15, 40]
Cell (13, 1): [6, 15, 41]
Cell (0, 2): [0, 16, 28]
Cell (1, 2): [0, 16, 29]
Cell (2, 2): [1, 16, 30]
Cell (3, 2): [1, 16, 31]
Cell (4, 2): [2, 16, 32]
Cell (5, 2): [2, 16, 33]
Cell (6, 2): [3, 16, 34]
Cell (7, 2): [3, 16, 35]
Cell (8, 2): [4, 16, 36]
Cell (9, 2): [4, 16, 37]
Cell (10, 2): [5, 16, 38]
Cell (11, 2): [5, 16, 39]
Cell (12, 2): [6, 16, 40]
Cell (13, 2): [6, 16, 41]
Cell (0, 3): [0, 17, 28]
Cell (1, 3): [0, 17, 29]
Cell (2, 3): [1, 17, 30]
Cell (3, 3): [1, 17, 31]
Cell (4, 3): [2, 17, 32]
Cell (5, 3): [2, 17, 33]
Cell (6, 3): [3, 17, 34]
Cell (7, 3): [3, 17, 35]
Cell (8, 3): [4, 17, 36]
Cell (9, 3): [4, 17, 37]
Cell (10, 3): [5, 17, 38]
Cell (11, 3): [5, 17, 39]
Cell (12, 3): [6, 17, 40]
Cell (13, 3): [6, 17, 41]
Cell (0, 4): [0, 18, 28]
Cell (1, 4): [0, 18, 29]
Cell (2, 4): [1, 18, 30]
Cell (3, 4): [1, 18, 31]
Cell (4, 4): [2, 18, 32]
Cell (5, 4): [2, 18, 33]
Cell (6, 4): [3, 18, 34]
Cell (7, 4): [3, 18, 35]
Cell (8, 4): [4, 18, 36]
Cell (9, 4): [4, 18, 37]
Cell (10, 4): [5, 18, 38]
Cell (11, 4): [5, 18, 39]
Cell (12, 4): [6, 18, 40]
Cell (13, 4): [6, 18, 41]
Cell (0, 5): [0, 19, 28]
Cell (1, 5): [0, 19, 29]
Cell (2, 5): [1, 19, 30]
Cell (3, 5): [1, 19, 31]
Cell (4, 5): [2, 19, 32]
Cell (5, 5): [2, 19, 33]
Cell (6, 5): [3, 19, 34]
Cell (7, 5): [3, 19, 35]
Cell (8, 5): [4, 19, 36]
Cell (9, 5): [4, 19, 37]
Cell (10, 5): [5, 19, 38]
Cell (11, 5): [5, 19, 39]
Cell (12, 5): [6, 19, 40]
Cell (13, 5): [6, 19, 41]
Cell (0, 6): [0, 20, 28]
Cell (1, 6): [0, 20, 29]
Cell (2, 6): [1, 20, 30]
Cell (3, 6): [1, 20, 31]
Cell (4, 6): [2, 20, 32]
Cell (5, 6): [2, 20, 33]
Cell (6, 6): [3, 20, 34]
Cell (7, 6): [3, 20, 35]
Cell (8, 6): [4, 20, 36]
Cell (9, 6): [4, 20, 37]
Cell (10, 6): [5, 20, 38]
Cell (11, 6): [5, 20, 39]
Cell (12, 6): [6, 20, 40]
Cell (13, 6): [6, 20, 41]
Cell (0, 7): [7, 21, 28]
Cell (1, 7): [7, 21, 29]
Cell (2, 7): [8, 21, 30]
Cell (3, 7): [8, 21, 31]
Cell (4, 7): [9, 21, 32]
Cell (5, 7): [9, 21, 33]
Cell (6, 7): [10, 21, 34]
Cell (7, 7): [10, 21, 35]
Cell (8, 7): [11, 21, 36]
Cell (9, 7): [11, 21, 37]
Cell (10, 7): [12, 21, 38]
Cell (11, 7): [12, 21, 39]
Cell (12, 7): [13, 21, 40]
Cell (13, 7): [13, 21, 41]
Cell (0, 8): [7, 22, 28]
Cell (1, 8): [7, 22, 29]
Cell (2, 8): [8, 22, 30]
Cell (3, 8): [8, 22, 31]
Cell (4, 8): [9, 22, 32]
Cell (5, 8): [9, 22, 33]
Cell (6, 8): [10, 22, 34]
Cell (7, 8): [10, 22, 35]
Cell (8, 8): [11, 22, 36]
Cell (9, 8): [11, 22, 37]
Cell (10, 8): [12, 22, 38]
Cell (11, 8): [12, 22, 39]
Cell (12, 8): [13, 22, 40]
Cell (13, 8): [13, 22, 41]
Cell (0, 9): [7, 23, 28]
Cell (1, 9): [7, 23, 29]
Cell (2, 9): [8, 23, 30]
Cell (3, 9): [8, 23, 31]
Cell (4, 9): [9, 23, 32]
Cell (5, 9): [9, 23, 33]
Cell (6, 9): [10, 23, 34]
Cell (7, 9): [10, 23, 35]
Cell (8, 9): [11, 23, 36]
Cell (9, 9): [11, 23, 37]
Cell (10, 9): [12, 23, 38]
Cell (11, 9): [12, 23, 39]
Cell (12, 9): [13, 23, 40]
Cell (13, 9): [13, 23, 41]
Cell (0, 10): [7, 24, 28]
Cell (1, 10): [7, 24, 29]
Cell (2, 10): [8, 24, 30]
Cell (3, 10): [8, 24, 31]
Cell (4, 10): [9, 24, 32]
Cell (5, 10): [9, 24, 33]
Cell (6, 10): [10, 24, 34]
Cell (7, 10): [10, 24, 35]
Cell (8, 10): [11, 24, 36]
Cell (9, 10): [11, 24, 37]
Cell (10, 10): [12, 24, 38]
Cell (11, 10): [12, 24, 39]
Cell (12, 10): [13, 24, 40]
Cell (13, 10): [13, 24, 41]
Cell (0, 11): [7, 25, 28]
Cell (1, 11): [7, 25, 29]
Cell (2, 11): [8, 25, 30]
Cell (3, 11): [8, 25, 31]
Cell (4, 11): [9, 25, 32]
Cell (5, 11): [9, 25, 33]
Cell (6, 11): [10, 25, 34]
Cell (7, 11): [10, 25, 35]
Cell (8, 11): [11, 25, 36]
Cell (9, 11): [11, 25, 37]
Cell (10, 11): [12, 25, 38]
Cell (11, 11): [12, 25, 39]
Cell (12, 11): [13, 25, 40]
Cell (13, 11): [13, 25, 41]
Cell (0, 12): [7, 26, 28]
Cell (1, 12): [7, 26, 29]
Cell (2, 12): [8, 26, 30]
Cell (3, 12): [8, 26, 31]
Cell (4, 12): [9, 26, 32]
Cell (5, 12): [9, 26, 33]
Cell (6, 12): [10, 26, 34]
Cell (7, 12): [10, 26, 35]
Cell (8, 12): [11, 26, 36]
Cell (9, 12): [11, 26, 37]
Cell (10, 12): [12, 26, 38]
Cell (11, 12): [12, 26, 39]
Cell (12, 12): [13, 26, 40]
Cell (13, 12): [13, 26, 41]
Cell (0, 13): [7, 27, 28]
Cell (1, 13): [7, 27, 29]
Cell (2, 13): [8, 27, 30]
Cell (3, 13): [8, 27, 31]
Cell (4, 13): [9, 27, 32]
Cell (5, 13): [9, 27, 33]
Cell (6, 13): [10, 27, 34]
Cell (7, 13): [10, 27, 35]
Cell (8, 13): [11, 27, 36]
Cell (9, 13): [11, 27, 37]
Cell (10, 13): [12, 27, 38]
Cell (11, 13): [12, 27, 39]
Cell (12, 13): [13, 27, 40]
Cell (13, 13): [13, 27, 41]

Grid:
11 12 13 14 1 2 3 4 5 6 7 8 9 10 
13 14 9 10 11 12 1 2 3 4 5 6 7 8 
1 2 11 12 7 8 9 10 13 14 3 4 5 6 
3 4 1 2 5 6 13 14 7 8 9 10 11 12 
5 6 3 4 13 14 7 8 9 10 11 12 1 2 
7 8 5 6 9 10 11 12 1 2 13 14 3 4 
9 10 7 8 3 4 5 6 11 12 1 2 13 14 
12 11 14 13 2 1 4 3 6 5 8 7 10 9 
14 13 10 9 12 11 2 1 4 3 6 5 8 7 
2 1 12 11 8 7 10 9 14 13 4 3 6 5 
4 3 2 1 6 5 14 13 8 7 10 9 12 11 
6 5 4 3 14 13 8 7 10 9 12 11 2 1 
8 7 6 5 10 9 12 11 2 1 14 13 4 3 
10 9 8 7 4 3 6 5 12 11 2 1 14 13 
