19 5 14 8 17 18 1 7 16 6 10 2 4 3 11 21 15 9 20 12 13 
11 21 20 6 14 13 12 10 15 4 9 17 1 5 8 16 7 2 19 18 3 
4 13 3 21 2 5 8 9 20 7 1 16 19 18 12 11 10 14 15 17 6 
10 17 1 7 3 16 18 11 5 12 8 15 14 9 20 19 6 13 21 4 2 
8 9 15 10 20 4 19 17 6 11 14 3 2 13 21 18 12 5 7 16 1 
16 6 18 15 12 11 3 2 21 13 19 20 10 17 7 1 4 8 14 9 5 
2 7 12 1 9 19 13 4 14 5 18 21 15 16 6 17 3 20 8 11 10 
20 2 9 16 19 12 6 21 8 18 17 7 5 14 1 10 11 3 4 13 15 
14 1 7 9 18 8 4 5 12 21 6 10 11 20 15 2 13 19 16 3 17 
3 16 21 5 4 17 15 14 13 19 20 9 8 2 10 12 18 6 11 1 7 
12 8 5 14 15 1 2 20 10 3 11 13 16 7 19 9 17 4 18 6 21 
18 4 11 3 6 20 7 19 9 1 15 5 17 12 13 14 16 21 2 10 8 
17 19 10 13 21 7 11 16 18 2 12 8 3 6 4 20 1 15 9 5 14 
13 15 6 11 10 2 17 1 3 16 4 14 18 21 9 5 8 7 12 19 20 
5 3 4 18 11 21 20 6 19 15 13 12 7 1 17 8 2 16 10 14 9 
9 11 8 12 13 10 16 3 1 20 21 19 6 15 5 7 14 18 17 2 4 
6 20 13 19 7 9 10 18 2 17 3 11 12 4 14 15 21 1 5 8 16 
7 12 16 2 1 14 9 15 4 10 5 6 20 8 18 3 19 17 13 21 11 
21 18 2 20 8 15 14 12 17 9 16 1 13 11 3 4 5 10 6 7 19 
1 10 17 4 5 6 21 8 7 14 2 18 9 19 16 13 20 11 3 15 12 
15 14 19 17 16 3 5 13 11 8 7 4 21 10 2 6 9 12 1 20 18 
