Size: 6x6

Symboles : [1, 2, 3, 4, 5, 6]

Rules:
Rule 0 (BlockRule): [(1,0), (0,0), (1,1), (0,1), (1,2), (0,2)]
Rule 0 (BlockRule): [(2,1), (3,2), (2,2), (3,0), (2,0), (3,1)]
Rule 0 (BlockRule): [(5,0), (4,0), (5,1), (4,1), (5,2), (4,2)]
Rule 0 (BlockRule): [(1,3), (0,3), (1,4), (0,4), (1,5), (0,5)]
Rule 0 (BlockRule): [(3,3), (2,3), (3,4), (2,4), (3,5), (2,5)]
Rule 0 (BlockRule): [(4,3), (5,4), (4,4), (5,5), (4,5), (5,3)]
Rule 0 (RowRule): [(1,0), (0,0), (5,0), (4,0), (3,0), (2,0)]
Rule 0 (RowRule): [(2,1), (1,1), (0,1), (5,1), (4,1), (3,1)]
Rule 0 (RowRule): [(3,2), (2,2), (1,2), (0,2), (5,2), (4,2)]
Rule 0 (RowRule): [(4,3), (3,3), (2,3), (1,3), (0,3), (5,3)]
Rule 0 (RowRule): [(5,4), (4,4), (3,4), (2,4), (1,4), (0,4)]
Rule 0 (RowRule): [(5,5), (4,5), (3,5), (2,5), (1,5), (0,5)]
Rule 0 (ColumnRule): [(0,0), (0,1), (0,2), (0,3), (0,4), (0,5)]
Rule 0 (ColumnRule): [(1,0), (1,1), (1,2), (1,3), (1,4), (1,5)]
Rule 0 (ColumnRule): [(2,1), (2,2), (2,3), (2,4), (2,5), (2,0)]
Rule 0 (ColumnRule): [(3,2), (3,3), (3,4), (3,5), (3,0), (3,1)]
Rule 0 (ColumnRule): [(4,3), (4,4), (4,5), (4,0), (4,1), (4,2)]
Rule 0 (ColumnRule): [(5,4), (5,5), (5,0), (5,1), (5,2), (5,3)]

Rules Cell:
Cell (0, 0): [0, 6, 12]
Cell (1, 0): [0, 6, 13]
Cell (2, 0): [1, 6, 14]
Cell (3, 0): [1, 6, 15]
Cell (4, 0): [2, 6, 16]
Cell (5, 0): [2, 6, 17]
Cell (0, 1): [0, 7, 12]
Cell (1, 1): [0, 7, 13]
Cell (2, 1): [1, 7, 14]
Cell (3, 1): [1, 7, 15]
Cell (4, 1): [2, 7, 16]
Cell (5, 1): [2, 7, 17]
Cell (0, 2): [0, 8, 12]
Cell (1, 2): [0, 8, 13]
Cell (2, 2): [1, 8, 14]
Cell (3, 2): [1, 8, 15]
Cell (4, 2): [2, 8, 16]
Cell (5, 2): [2, 8, 17]
Cell (0, 3): [3, 9, 12]
Cell (1, 3): [3, 9, 13]
Cell (2, 3): [4, 9, 14]
Cell (3, 3): [4, 9, 15]
Cell (4, 3): [5, 9, 16]
Cell (5, 3): [5, 9, 17]
Cell (0, 4): [3, 10, 12]
Cell (1, 4): [3, 10, 13]
Cell (2, 4): [4, 10, 14]
Cell (3, 4): [4, 10, 15]
Cell (4, 4): [5, 10, 16]
Cell (5, 4): [5, 10, 17]
Cell (0, 5): [3, 11, 12]
Cell (1, 5): [3, 11, 13]
Cell (2, 5): [4, 11, 14]
Cell (3, 5): [4, 11, 15]
Cell (4, 5): [5, 11, 16]
Cell (5, 5): [5, 11, 17]

Grid:
1 2 3 4 5 6 
3 4 5 6 1 2 
5 6 1 2 3 4 
2 1 4 3 6 5 
4 3 6 5 2 1 
6 5 2 1 4 3 
