Size: 9x9

Symboles : [1, 2, 3, 4, 5, 6, 7, 8, 9]

Rules:
Rule 0 (BlockRule): [(1,0), (2,1), (0,0), (1,1), (2,2), (0,1), (1,2), (0,2), (2,0)]
Rule 0 (BlockRule): [(3,2), (5,0), (4,0), (5,1), (3,0), (4,1), (5,2), (3,1), (4,2)]
Rule 0 (BlockRule): [(8,0), (7,0), (8,1), (6,0), (7,1), (8,2), (6,1), (7,2), (6,2)]
Rule 0 (BlockRule): [(2,3), (1,3), (2,4), (0,3), (1,4), (2,5), (0,4), (1,5), (0,5)]
Rule 0 (BlockRule): [(4,3), (5,4), (3,3), (4,4), (5,5), (3,4), (4,5), (3,5), (5,3)]
Rule 0 (BlockRule): [(6,5), (8,3), (7,3), (8,4), (6,3), (7,4), (8,5), (6,4), (7,5)]
Rule 0 (BlockRule): [(2,6), (1,6), (2,7), (0,6), (1,7), (2,8), (0,7), (1,8), (0,8)]
Rule 0 (BlockRule): [(5,6), (4,6), (5,7), (3,6), (4,7), (5,8), (3,7), (4,8), (3,8)]
Rule 0 (BlockRule): [(7,6), (8,7), (6,6), (7,7), (8,8), (6,7), (7,8), (6,8), (8,6)]
Rule 0 (RowRule): [(1,0), (0,0), (8,0), (7,0), (6,0), (5,0), (4,0), (3,0), (2,0)]
Rule 0 (RowRule): [(2,1), (1,1), (0,1), (8,1), (7,1), (6,1), (5,1), (4,1), (3,1)]
Rule 0 (RowRule): [(3,2), (2,2), (1,2), (0,2), (8,2), (7,2), (6,2), (5,2), (4,2)]
Rule 0 (RowRule): [(4,3), (3,3), (2,3), (1,3), (0,3), (8,3), (7,3), (6,3), (5,3)]
Rule 0 (RowRule): [(5,4), (4,4), (3,4), (2,4), (1,4), (0,4), (8,4), (7,4), (6,4)]
Rule 0 (RowRule): [(6,5), (5,5), (4,5), (3,5), (2,5), (1,5), (0,5), (8,5), (7,5)]
Rule 0 (RowRule): [(7,6), (6,6), (5,6), (4,6), (3,6), (2,6), (1,6), (0,6), (8,6)]
Rule 0 (RowRule): [(8,7), (7,7), (6,7), (5,7), (4,7), (3,7), (2,7), (1,7), (0,7)]
Rule 0 (RowRule): [(8,8), (7,8), (6,8), (5,8), (4,8), (3,8), (2,8), (1,8), (0,8)]
Rule 0 (ColumnRule): [(0,0), (0,1), (0,2), (0,3), (0,4), (0,5), (0,6), (0,7), (0,8)]
Rule 0 (ColumnRule): [(1,0), (1,1), (1,2), (1,3), (1,4), (1,5), (1,6), (1,7), (1,8)]
Rule 0 (ColumnRule): [(2,1), (2,2), (2,3), (2,4), (2,5), (2,6), (2,7), (2,8), (2,0)]
Rule 0 (ColumnRule): [(3,2), (3,3), (3,4), (3,5), (3,6), (3,7), (3,8), (3,0), (3,1)]
Rule 0 (ColumnRule): [(4,3), (4,4), (4,5), (4,6), (4,7), (4,8), (4,0), (4,1), (4,2)]
Rule 0 (ColumnRule): [(5,4), (5,5), (5,6), (5,7), (5,8), (5,0), (5,1), (5,2), (5,3)]
Rule 0 (ColumnRule): [(6,5), (6,6), (6,7), (6,8), (6,0), (6,1), (6,2), (6,3), (6,4)]
Rule 0 (ColumnRule): [(7,6), (7,7), (7,8), (7,0), (7,1), (7,2), (7,3), (7,4), (7,5)]
Rule 0 (ColumnRule): [(8,7), (8,8), (8,0), (8,1), (8,2), (8,3), (8,4), (8,5), (8,6)]

Rules Cell:
Cell (0, 0): [0, 9, 18]
Cell (1, 0): [0, 9, 19]
Cell (2, 0): [0, 9, 20]
Cell (3, 0): [1, 9, 21]
Cell (4, 0): [1, 9, 22]
Cell (5, 0): [1, 9, 23]
Cell (6, 0): [2, 9, 24]
Cell (7, 0): [2, 9, 25]
Cell (8, 0): [2, 9, 26]
Cell (0, 1): [0, 10, 18]
Cell (1, 1): [0, 10, 19]
Cell (2, 1): [0, 10, 20]
Cell (3, 1): [1, 10, 21]
Cell (4, 1): [1, 10, 22]
Cell (5, 1): [1, 10, 23]
Cell (6, 1): [2, 10, 24]
Cell (7, 1): [2, 10, 25]
Cell (8, 1): [2, 10, 26]
Cell (0, 2): [0, 11, 18]
Cell (1, 2): [0, 11, 19]
Cell (2, 2): [0, 11, 20]
Cell (3, 2): [1, 11, 21]
Cell (4, 2): [1, 11, 22]
Cell (5, 2): [1, 11, 23]
Cell (6, 2): [2, 11, 24]
Cell (7, 2): [2, 11, 25]
Cell (8, 2): [2, 11, 26]
Cell (0, 3): [3, 12, 18]
Cell (1, 3): [3, 12, 19]
Cell (2, 3): [3, 12, 20]
Cell (3, 3): [4, 12, 21]
Cell (4, 3): [4, 12, 22]
Cell (5, 3): [4, 12, 23]
Cell (6, 3): [5, 12, 24]
Cell (7, 3): [5, 12, 25]
Cell (8, 3): [5, 12, 26]
Cell (0, 4): [3, 13, 18]
Cell (1, 4): [3, 13, 19]
Cell (2, 4): [3, 13, 20]
Cell (3, 4): [4, 13, 21]
Cell (4, 4): [4, 13, 22]
Cell (5, 4): [4, 13, 23]
Cell (6, 4): [5, 13, 24]
Cell (7, 4): [5, 13, 25]
Cell (8, 4): [5, 13, 26]
Cell (0, 5): [3, 14, 18]
Cell (1, 5): [3, 14, 19]
Cell (2, 5): [3, 14, 20]
Cell (3, 5): [4, 14, 21]
Cell (4, 5): [4, 14, 22]
Cell (5, 5): [4, 14, 23]
Cell (6, 5): [5, 14, 24]
Cell (7, 5): [5, 14, 25]
Cell (8, 5): [5, 14, 26]
Cell (0, 6): [6, 15, 18]
Cell (1, 6): [6, 15, 19]
Cell (2, 6): [6, 15, 20]
Cell (3, 6): [7, 15, 21]
Cell (4, 6): [7, 15, 22]
Cell (5, 6): [7, 15, 23]
Cell (6, 6): [8, 15, 24]
Cell (7, 6): [8, 15, 25]
Cell (8, 6): [8, 15, 26]
Cell (0, 7): [6, 16, 18]
Cell (1, 7): [6, 16, 19]
Cell (2, 7): [6, 16, 20]
Cell (3, 7): [7, 16, 21]
Cell (4, 7): [7, 16, 22]
Cell (5, 7): [7, 16, 23]
Cell (6, 7): [8, 16, 24]
Cell (7, 7): [8, 16, 25]
Cell (8, 7): [8, 16, 26]
Cell (0, 8): [6, 17, 18]
Cell (1, 8): [6, 17, 19]
Cell (2, 8): [6, 17, 20]
Cell (3, 8): [7, 17, 21]
Cell (4, 8): [7, 17, 22]
Cell (5, 8): [7, 17, 23]
Cell (6, 8): [8, 17, 24]
Cell (7, 8): [8, 17, 25]
Cell (8, 8): [8, 17, 26]

Grid:
1 2 3 4 5 6 7 8 9 
4 5 6 7 8 9 1 2 3 
7 8 9 1 2 3 4 5 6 
2 1 4 3 6 5 8 9 7 
3 6 5 8 9 7 2 1 4 
8 9 7 2 1 4 3 6 5 
5 3 1 6 4 2 9 7 8 
6 4 2 9 7 8 5 3 1 
9 7 8 5 3 1 6 4 2 
