Size: 16x16

Symboles : [11, 12, 13, 14, 15, 16, 1, 2, 3, 4, 5, 6, 7, 8, 9, 10]

Rules:
Rule 0 (BlockRule): [(1,0), (2,1), (3,2), (0,0), (1,1), (2,2), (3,3), (0,1), (1,2), (2,3), (0,2), (1,3), (0,3), (3,0), (2,0), (3,1)]
Rule 0 (BlockRule): [(4,3), (7,0), (6,0), (7,1), (5,0), (6,1), (7,2), (4,0), (5,1), (6,2), (7,3), (4,1), (5,2), (6,3), (4,2), (5,3)]
Rule 0 (BlockRule): [(11,0), (10,0), (11,1), (9,0), (10,1), (11,2), (8,0), (9,1), (10,2), (11,3), (8,1), (9,2), (10,3), (8,2), (9,3), (8,3)]
Rule 0 (BlockRule): [(15,0), (14,0), (15,1), (13,0), (14,1), (15,2), (12,0), (13,1), (14,2), (15,3), (12,1), (13,2), (14,3), (12,2), (13,3), (12,3)]
Rule 0 (BlockRule): [(3,4), (2,4), (3,5), (1,4), (2,5), (3,6), (0,4), (1,5), (2,6), (3,7), (0,5), (1,6), (2,7), (0,6), (1,7), (0,7)]
Rule 0 (BlockRule): [(5,4), (6,5), (7,6), (4,4), (5,5), (6,6), (7,7), (4,5), (5,6), (6,7), (4,6), (5,7), (4,7), (7,4), (6,4), (7,5)]
Rule 0 (BlockRule): [(8,7), (11,4), (10,4), (11,5), (9,4), (10,5), (11,6), (8,4), (9,5), (10,6), (11,7), (8,5), (9,6), (10,7), (8,6), (9,7)]
Rule 0 (BlockRule): [(15,4), (14,4), (15,5), (13,4), (14,5), (15,6), (12,4), (13,5), (14,6), (15,7), (12,5), (13,6), (14,7), (12,6), (13,7), (12,7)]
Rule 0 (BlockRule): [(3,8), (2,8), (3,9), (1,8), (2,9), (3,10), (0,8), (1,9), (2,10), (3,11), (0,9), (1,10), (2,11), (0,10), (1,11), (0,11)]
Rule 0 (BlockRule): [(7,8), (6,8), (7,9), (5,8), (6,9), (7,10), (4,8), (5,9), (6,10), (7,11), (4,9), (5,10), (6,11), (4,10), (5,11), (4,11)]
Rule 0 (BlockRule): [(9,8), (10,9), (11,10), (8,8), (9,9), (10,10), (11,11), (8,9), (9,10), (10,11), (8,10), (9,11), (8,11), (11,8), (10,8), (11,9)]
Rule 0 (BlockRule): [(12,11), (15,8), (14,8), (15,9), (13,8), (14,9), (15,10), (12,8), (13,9), (14,10), (15,11), (12,9), (13,10), (14,11), (12,10), (13,11)]
Rule 0 (BlockRule): [(3,12), (2,12), (3,13), (1,12), (2,13), (3,14), (0,12), (1,13), (2,14), (3,15), (0,13), (1,14), (2,15), (0,14), (1,15), (0,15)]
Rule 0 (BlockRule): [(7,12), (6,12), (7,13), (5,12), (6,13), (7,14), (4,12), (5,13), (6,14), (7,15), (4,13), (5,14), (6,15), (4,14), (5,15), (4,15)]
Rule 0 (BlockRule): [(11,12), (10,12), (11,13), (9,12), (10,13), (11,14), (8,12), (9,13), (10,14), (11,15), (8,13), (9,14), (10,15), (8,14), (9,15), (8,15)]
Rule 0 (BlockRule): [(13,12), (14,13), (15,14), (12,12), (13,13), (14,14), (15,15), (12,13), (13,14), (14,15), (12,14), (13,15), (12,15), (15,12), (14,12), (15,13)]
Rule 0 (RowRule): [(1,0), (0,0), (15,0), (14,0), (13,0), (12,0), (11,0), (10,0), (9,0), (8,0), (7,0), (6,0), (5,0), (4,0), (3,0), (2,0)]
Rule 0 (RowRule): [(2,1), (1,1), (0,1), (15,1), (14,1), (13,1), (12,1), (11,1), (10,1), (9,1), (8,1), (7,1), (6,1), (5,1), (4,1), (3,1)]
Rule 0 (RowRule): [(3,2), (2,2), (1,2), (0,2), (15,2), (14,2), (13,2), (12,2), (11,2), (10,2), (9,2), (8,2), (7,2), (6,2), (5,2), (4,2)]
Rule 0 (RowRule): [(4,3), (3,3), (2,3), (1,3), (0,3), (15,3), (14,3), (13,3), (12,3), (11,3), (10,3), (9,3), (8,3), (7,3), (6,3), (5,3)]
Rule 0 (RowRule): [(5,4), (4,4), (3,4), (2,4), (1,4), (0,4), (15,4), (14,4), (13,4), (12,4), (11,4), (10,4), (9,4), (8,4), (7,4), (6,4)]
Rule 0 (RowRule): [(6,5), (5,5), (4,5), (3,5), (2,5), (1,5), (0,5), (15,5), (14,5), (13,5), (12,5), (11,5), (10,5), (9,5), (8,5), (7,5)]
Rule 0 (RowRule): [(7,6), (6,6), (5,6), (4,6), (3,6), (2,6), (1,6), (0,6), (15,6), (14,6), (13,6), (12,6), (11,6), (10,6), (9,6), (8,6)]
Rule 0 (RowRule): [(8,7), (7,7), (6,7), (5,7), (4,7), (3,7), (2,7), (1,7), (0,7), (15,7), (14,7), (13,7), (12,7), (11,7), (10,7), (9,7)]
Rule 0 (RowRule): [(9,8), (8,8), (7,8), (6,8), (5,8), (4,8), (3,8), (2,8), (1,8), (0,8), (15,8), (14,8), (13,8), (12,8), (11,8), (10,8)]
Rule 0 (RowRule): [(10,9), (9,9), (8,9), (7,9), (6,9), (5,9), (4,9), (3,9), (2,9), (1,9), (0,9), (15,9), (14,9), (13,9), (12,9), (11,9)]
Rule 0 (RowRule): [(11,10), (10,10), (9,10), (8,10), (7,10), (6,10), (5,10), (4,10), (3,10), (2,10), (1,10), (0,10), (15,10), (14,10), (13,10), (12,10)]
Rule 0 (RowRule): [(12,11), (11,11), (10,11), (9,11), (8,11), (7,11), (6,11), (5,11), (4,11), (3,11), (2,11), (1,11), (0,11), (15,11), (14,11), (13,11)]
Rule 0 (RowRule): [(13,12), (12,12), (11,12), (10,12), (9,12), (8,12), (7,12), (6,12), (5,12), (4,12), (3,12), (2,12), (1,12), (0,12), (15,12), (14,12)]
Rule 0 (RowRule): [(14,13), (13,13), (12,13), (11,13), (10,13), (9,13), (8,13), (7,13), (6,13), (5,13), (4,13), (3,13), (2,13), (1,13), (0,13), (15,13)]
Rule 0 (RowRule): [(15,14), (14,14), (13,14), (12,14), (11,14), (10,14), (9,14), (8,14), (7,14), (6,14), (5,14), (4,14), (3,14), (2,14), (1,14), (0,14)]
Rule 0 (RowRule): [(15,15), (14,15), (13,15), (12,15), (11,15), (10,15), (9,15), (8,15), (7,15), (6,15), (5,15), (4,15), (3,15), (2,15), (1,15), (0,15)]
Rule 0 (ColumnRule): [(0,0), (0,1), (0,2), (0,3), (0,4), (0,5), (0,6), (0,7), (0,8), (0,9), (0,10), (0,11), (0,12), (0,13), (0,14), (0,15)]
Rule 0 (ColumnRule): [(1,0), (1,1), (1,2), (1,3), (1,4), (1,5), (1,6), (1,7), (1,8), (1,9), (1,10), (1,11), (1,12), (1,13), (1,14), (1,15)]
Rule 0 (ColumnRule): [(2,1), (2,2), (2,3), (2,4), (2,5), (2,6), (2,7), (2,8), (2,9), (2,10), (2,11), (2,12), (2,13), (2,14), (2,15), (2,0)]
Rule 0 (ColumnRule): [(3,2), (3,3), (3,4), (3,5), (3,6), (3,7), (3,8), (3,9), (3,10), (3,11), (3,12), (3,13), (3,14), (3,15), (3,0), (3,1)]
Rule 0 (ColumnRule): [(4,3), (4,4), (4,5), (4,6), (4,7), (4,8), (4,9), (4,10), (4,11), (4,12), (4,13), (4,14), (4,15), (4,0), (4,1), (4,2)]
Rule 0 (ColumnRule): [(5,4), (5,5), (5,6), (5,7), (5,8), (5,9), (5,10), (5,11), (5,12), (5,13), (5,14), (5,15), (5,0), (5,1), (5,2), (5,3)]
Rule 0 (ColumnRule): [(6,5), (6,6), (6,7), (6,8), (6,9), (6,10), (6,11), (6,12), (6,13), (6,14), (6,15), (6,0), (6,1), (6,2), (6,3), (6,4)]
Rule 0 (ColumnRule): [(7,6), (7,7), (7,8), (7,9), (7,10), (7,11), (7,12), (7,13), (7,14), (7,15), (7,0), (7,1), (7,2), (7,3), (7,4), (7,5)]
Rule 0 (ColumnRule): [(8,7), (8,8), (8,9), (8,10), (8,11), (8,12), (8,13), (8,14), (8,15), (8,0), (8,1), (8,2), (8,3), (8,4), (8,5), (8,6)]
Rule 0 (ColumnRule): [(9,8), (9,9), (9,10), (9,11), (9,12), (9,13), (9,14), (9,15), (9,0), (9,1), (9,2), (9,3), (9,4), (9,5), (9,6), (9,7)]
Rule 0 (ColumnRule): [(10,9), (10,10), (10,11), (10,12), (10,13), (10,14), (10,15), (10,0), (10,1), (10,2), (10,3), (10,4), (10,5), (10,6), (10,7), (10,8)]
Rule 0 (ColumnRule): [(11,10), (11,11), (11,12), (11,13), (11,14), (11,15), (11,0), (11,1), (11,2), (11,3), (11,4), (11,5), (11,6), (11,7), (11,8), (11,9)]
Rule 0 (ColumnRule): [(12,11), (12,12), (12,13), (12,14), (12,15), (12,0), (12,1), (12,2), (12,3), (12,4), (12,5), (12,6), (12,7), (12,8), (12,9), (12,10)]
Rule 0 (ColumnRule): [(13,12), (13,13), (13,14), (13,15), (13,0), (13,1), (13,2), (13,3), (13,4), (13,5), (13,6), (13,7), (13,8), (13,9), (13,10), (13,11)]
Rule 0 (ColumnRule): [(14,13), (14,14), (14,15), (14,0), (14,1), (14,2), (14,3), (14,4), (14,5), (14,6), (14,7), (14,8), (14,9), (14,10), (14,11), (14,12)]
Rule 0 (ColumnRule): [(15,14), (15,15), (15,0), (15,1), (15,2), (15,3), (15,4), (15,5), (15,6), (15,7), (15,8), (15,9), (15,10), (15,11), (15,12), (15,13)]

Rules Cell:
Cell (0, 0): [0, 16, 32]
Cell (1, 0): [0, 16, 33]
Cell (2, 0): [0, 16, 34]
Cell (3, 0): [0, 16, 35]
Cell (4, 0): [1, 16, 36]
Cell (5, 0): [1, 16, 37]
Cell (6, 0): [1, 16, 38]
Cell (7, 0): [1, 16, 39]
Cell (8, 0): [2, 16, 40]
Cell (9, 0): [2, 16, 41]
Cell (10, 0): [2, 16, 42]
Cell (11, 0): [2, 16, 43]
Cell (12, 0): [3, 16, 44]
Cell (13, 0): [3, 16, 45]
Cell (14, 0): [3, 16, 46]
Cell (15, 0): [3, 16, 47]
Cell (0, 1): [0, 17, 32]
Cell (1, 1): [0, 17, 33]
Cell (2, 1): [0, 17, 34]
Cell (3, 1): [0, 17, 35]
Cell (4, 1): [1, 17, 36]
Cell (5, 1): [1, 17, 37]
Cell (6, 1): [1, 17, 38]
Cell (7, 1): [1, 17, 39]
Cell (8, 1): [2, 17, 40]
Cell (9, 1): [2, 17, 41]
Cell (10, 1): [2, 17, 42]
Cell (11, 1): [2, 17, 43]
Cell (12, 1): [3, 17, 44]
Cell (13, 1): [3, 17, 45]
Cell (14, 1): [3, 17, 46]
Cell (15, 1): [3, 17, 47]
Cell (0, 2): [0, 18, 32]
Cell (1, 2): [0, 18, 33]
Cell (2, 2): [0, 18, 34]
Cell (3, 2): [0, 18, 35]
Cell (4, 2): [1, 18, 36]
Cell (5, 2): [1, 18, 37]
Cell (6, 2): [1, 18, 38]
Cell (7, 2): [1, 18, 39]
Cell (8, 2): [2, 18, 40]
Cell (9, 2): [2, 18, 41]
Cell (10, 2): [2, 18, 42]
Cell (11, 2): [2, 18, 43]
Cell (12, 2): [3, 18, 44]
Cell (13, 2): [3, 18, 45]
Cell (14, 2): [3, 18, 46]
Cell (15, 2): [3, 18, 47]
Cell (0, 3): [0, 19, 32]
Cell (1, 3): [0, 19, 33]
Cell (2, 3): [0, 19, 34]
Cell (3, 3): [0, 19, 35]
Cell (4, 3): [1, 19, 36]
Cell (5, 3): [1, 19, 37]
Cell (6, 3): [1, 19, 38]
Cell (7, 3): [1, 19, 39]
Cell (8, 3): [2, 19, 40]
Cell (9, 3): [2, 19, 41]
Cell (10, 3): [2, 19, 42]
Cell (11, 3): [2, 19, 43]
Cell (12, 3): [3, 19, 44]
Cell (13, 3): [3, 19, 45]
Cell (14, 3): [3, 19, 46]
Cell (15, 3): [3, 19, 47]
Cell (0, 4): [4, 20, 32]
Cell (1, 4): [4, 20, 33]
Cell (2, 4): [4, 20, 34]
Cell (3, 4): [4, 20, 35]
Cell (4, 4): [5, 20, 36]
Cell (5, 4): [5, 20, 37]
Cell (6, 4): [5, 20, 38]
Cell (7, 4): [5, 20, 39]
Cell (8, 4): [6, 20, 40]
Cell (9, 4): [6, 20, 41]
Cell (10, 4): [6, 20, 42]
Cell (11, 4): [6, 20, 43]
Cell (12, 4): [7, 20, 44]
Cell (13, 4): [7, 20, 45]
Cell (14, 4): [7, 20, 46]
Cell (15, 4): [7, 20, 47]
Cell (0, 5): [4, 21, 32]
Cell (1, 5): [4, 21, 33]
Cell (2, 5): [4, 21, 34]
Cell (3, 5): [4, 21, 35]
Cell (4, 5): [5, 21, 36]
Cell (5, 5): [5, 21, 37]
Cell (6, 5): [5, 21, 38]
Cell (7, 5): [5, 21, 39]
Cell (8, 5): [6, 21, 40]
Cell (9, 5): [6, 21, 41]
Cell (10, 5): [6, 21, 42]
Cell (11, 5): [6, 21, 43]
Cell (12, 5): [7, 21, 44]
Cell (13, 5): [7, 21, 45]
Cell (14, 5): [7, 21, 46]
Cell (15, 5): [7, 21, 47]
Cell (0, 6): [4, 22, 32]
Cell (1, 6): [4, 22, 33]
Cell (2, 6): [4, 22, 34]
Cell (3, 6): [4, 22, 35]
Cell (4, 6): [5, 22, 36]
Cell (5, 6): [5, 22, 37]
Cell (6, 6): [5, 22, 38]
Cell (7, 6): [5, 22, 39]
Cell (8, 6): [6, 22, 40]
Cell (9, 6): [6, 22, 41]
Cell (10, 6): [6, 22, 42]
Cell (11, 6): [6, 22, 43]
Cell (12, 6): [7, 22, 44]
Cell (13, 6): [7, 22, 45]
Cell (14, 6): [7, 22, 46]
Cell (15, 6): [7, 22, 47]
Cell (0, 7): [4, 23, 32]
Cell (1, 7): [4, 23, 33]
Cell (2, 7): [4, 23, 34]
Cell (3, 7): [4, 23, 35]
Cell (4, 7): [5, 23, 36]
Cell (5, 7): [5, 23, 37]
Cell (6, 7): [5, 23, 38]
Cell (7, 7): [5, 23, 39]
Cell (8, 7): [6, 23, 40]
Cell (9, 7): [6, 23, 41]
Cell (10, 7): [6, 23, 42]
Cell (11, 7): [6, 23, 43]
Cell (12, 7): [7, 23, 44]
Cell (13, 7): [7, 23, 45]
Cell (14, 7): [7, 23, 46]
Cell (15, 7): [7, 23, 47]
Cell (0, 8): [8, 24, 32]
Cell (1, 8): [8, 24, 33]
Cell (2, 8): [8, 24, 34]
Cell (3, 8): [8, 24, 35]
Cell (4, 8): [9, 24, 36]
Cell (5, 8): [9, 24, 37]
Cell (6, 8): [9, 24, 38]
Cell (7, 8): [9, 24, 39]
Cell (8, 8): [10, 24, 40]
Cell (9, 8): [10, 24, 41]
Cell (10, 8): [10, 24, 42]
Cell (11, 8): [10, 24, 43]
Cell (12, 8): [11, 24, 44]
Cell (13, 8): [11, 24, 45]
Cell (14, 8): [11, 24, 46]
Cell (15, 8): [11, 24, 47]
Cell (0, 9): [8, 25, 32]
Cell (1, 9): [8, 25, 33]
Cell (2, 9): [8, 25, 34]
Cell (3, 9): [8, 25, 35]
Cell (4, 9): [9, 25, 36]
Cell (5, 9): [9, 25, 37]
Cell (6, 9): [9, 25, 38]
Cell (7, 9): [9, 25, 39]
Cell (8, 9): [10, 25, 40]
Cell (9, 9): [10, 25, 41]
Cell (10, 9): [10, 25, 42]
Cell (11, 9): [10, 25, 43]
Cell (12, 9): [11, 25, 44]
Cell (13, 9): [11, 25, 45]
Cell (14, 9): [11, 25, 46]
Cell (15, 9): [11, 25, 47]
Cell (0, 10): [8, 26, 32]
Cell (1, 10): [8, 26, 33]
Cell (2, 10): [8, 26, 34]
Cell (3, 10): [8, 26, 35]
Cell (4, 10): [9, 26, 36]
Cell (5, 10): [9, 26, 37]
Cell (6, 10): [9, 26, 38]
Cell (7, 10): [9, 26, 39]
Cell (8, 10): [10, 26, 40]
Cell (9, 10): [10, 26, 41]
Cell (10, 10): [10, 26, 42]
Cell (11, 10): [10, 26, 43]
Cell (12, 10): [11, 26, 44]
Cell (13, 10): [11, 26, 45]
Cell (14, 10): [11, 26, 46]
Cell (15, 10): [11, 26, 47]
Cell (0, 11): [8, 27, 32]
Cell (1, 11): [8, 27, 33]
Cell (2, 11): [8, 27, 34]
Cell (3, 11): [8, 27, 35]
Cell (4, 11): [9, 27, 36]
Cell (5, 11): [9, 27, 37]
Cell (6, 11): [9, 27, 38]
Cell (7, 11): [9, 27, 39]
Cell (8, 11): [10, 27, 40]
Cell (9, 11): [10, 27, 41]
Cell (10, 11): [10, 27, 42]
Cell (11, 11): [10, 27, 43]
Cell (12, 11): [11, 27, 44]
Cell (13, 11): [11, 27, 45]
Cell (14, 11): [11, 27, 46]
Cell (15, 11): [11, 27, 47]
Cell (0, 12): [12, 28, 32]
Cell (1, 12): [12, 28, 33]
Cell (2, 12): [12, 28, 34]
Cell (3, 12): [12, 28, 35]
Cell (4, 12): [13, 28, 36]
Cell (5, 12): [13, 28, 37]
Cell (6, 12): [13, 28, 38]
Cell (7, 12): [13, 28, 39]
Cell (8, 12): [14, 28, 40]
Cell (9, 12): [14, 28, 41]
Cell (10, 12): [14, 28, 42]
Cell (11, 12): [14, 28, 43]
Cell (12, 12): [15, 28, 44]
Cell (13, 12): [15, 28, 45]
Cell (14, 12): [15, 28, 46]
Cell (15, 12): [15, 28, 47]
Cell (0, 13): [12, 29, 32]
Cell (1, 13): [12, 29, 33]
Cell (2, 13): [12, 29, 34]
Cell (3, 13): [12, 29, 35]
Cell (4, 13): [13, 29, 36]
Cell (5, 13): [13, 29, 37]
Cell (6, 13): [13, 29, 38]
Cell (7, 13): [13, 29, 39]
Cell (8, 13): [14, 29, 40]
Cell (9, 13): [14, 29, 41]
Cell (10, 13): [14, 29, 42]
Cell (11, 13): [14, 29, 43]
Cell (12, 13): [15, 29, 44]
Cell (13, 13): [15, 29, 45]
Cell (14, 13): [15, 29, 46]
Cell (15, 13): [15, 29, 47]
Cell (0, 14): [12, 30, 32]
Cell (1, 14): [12, 30, 33]
Cell (2, 14): [12, 30, 34]
Cell (3, 14): [12, 30, 35]
Cell (4, 14): [13, 30, 36]
Cell (5, 14): [13, 30, 37]
Cell (6, 14): [13, 30, 38]
Cell (7, 14): [13, 30, 39]
Cell (8, 14): [14, 30, 40]
Cell (9, 14): [14, 30, 41]
Cell (10, 14): [14, 30, 42]
Cell (11, 14): [14, 30, 43]
Cell (12, 14): [15, 30, 44]
Cell (13, 14): [15, 30, 45]
Cell (14, 14): [15, 30, 46]
Cell (15, 14): [15, 30, 47]
Cell (0, 15): [12, 31, 32]
Cell (1, 15): [12, 31, 33]
Cell (2, 15): [12, 31, 34]
Cell (3, 15): [12, 31, 35]
Cell (4, 15): [13, 31, 36]
Cell (5, 15): [13, 31, 37]
Cell (6, 15): [13, 31, 38]
Cell (7, 15): [13, 31, 39]
Cell (8, 15): [14, 31, 40]
Cell (9, 15): [14, 31, 41]
Cell (10, 15): [14, 31, 42]
Cell (11, 15): [14, 31, 43]
Cell (12, 15): [15, 31, 44]
Cell (13, 15): [15, 31, 45]
Cell (14, 15): [15, 31, 46]
Cell (15, 15): [15, 31, 47]

Grid:
12 3 7 11 1 16 4 6 15 10 5 13 9 14 8 2 
16 5 14 4 11 15 13 2 1 8 3 9 12 10 6 7 
8 2 10 9 12 7 3 5 16 11 6 14 15 13 1 4 
6 1 15 13 9 10 14 8 7 4 2 12 5 16 3 11 
10 11 16 8 2 3 6 12 13 15 1 7 14 5 4 9 
15 12 2 7 14 4 11 1 9 5 16 3 6 8 13 10 
9 4 5 6 15 13 16 10 2 14 12 8 11 1 7 3 
1 13 3 14 8 9 5 7 4 6 10 11 16 2 12 15 
14 6 13 16 10 2 8 4 11 12 9 1 7 3 15 5 
2 10 8 1 5 12 9 14 3 7 15 6 13 4 11 16 
4 7 11 3 6 1 15 13 5 16 14 10 2 12 9 8 
5 9 12 15 16 11 7 3 8 13 4 2 1 6 10 14 
13 15 6 10 3 5 2 11 12 9 8 16 4 7 14 1 
3 16 4 5 7 14 12 9 10 1 13 15 8 11 2 6 
11 14 9 2 13 8 1 16 6 3 7 4 10 15 5 12 
7 8 1 12 4 6 10 15 14 2 11 5 3 9 16 13 
