Size: 24x24

Symboles : [11, 22, 12, 23, 13, 24, 14, 15, 16, 17, 18, 19, 1, 2, 3, 4, 5, 6, 7, 8, 9, 20, 10, 21]

Rules:
Rule 0 (BlockRule): [(1,0), (2,1), (3,2), (4,3), (0,0), (1,1), (2,2), (3,3), (0,1), (1,2), (2,3), (0,2), (1,3), (0,3), (5,0), (4,0), (5,1), (3,0), (4,1), (5,2), (2,0), (3,1), (4,2), (5,3)]
Rule 0 (BlockRule): [(11,0), (10,0), (11,1), (9,0), (10,1), (11,2), (8,0), (9,1), (10,2), (11,3), (7,0), (8,1), (9,2), (10,3), (6,0), (7,1), (8,2), (9,3), (6,1), (7,2), (8,3), (6,2), (7,3), (6,3)]
Rule 0 (BlockRule): [(17,0), (16,0), (17,1), (15,0), (16,1), (17,2), (14,0), (15,1), (16,2), (17,3), (13,0), (14,1), (15,2), (16,3), (12,0), (13,1), (14,2), (15,3), (12,1), (13,2), (14,3), (12,2), (13,3), (12,3)]
Rule 0 (BlockRule): [(23,0), (22,0), (23,1), (21,0), (22,1), (23,2), (20,0), (21,1), (22,2), (23,3), (19,0), (20,1), (21,2), (22,3), (18,0), (19,1), (20,2), (21,3), (18,1), (19,2), (20,3), (18,2), (19,3), (18,3)]
Rule 0 (BlockRule): [(5,4), (4,4), (5,5), (3,4), (4,5), (5,6), (2,4), (3,5), (4,6), (5,7), (1,4), (2,5), (3,6), (4,7), (0,4), (1,5), (2,6), (3,7), (0,5), (1,6), (2,7), (0,6), (1,7), (0,7)]
Rule 0 (BlockRule): [(6,5), (7,6), (8,7), (6,6), (7,7), (6,7), (11,4), (10,4), (11,5), (9,4), (10,5), (11,6), (8,4), (9,5), (10,6), (11,7), (7,4), (8,5), (9,6), (10,7), (6,4), (7,5), (8,6), (9,7)]
Rule 0 (BlockRule): [(17,4), (16,4), (17,5), (15,4), (16,5), (17,6), (14,4), (15,5), (16,6), (17,7), (13,4), (14,5), (15,6), (16,7), (12,4), (13,5), (14,6), (15,7), (12,5), (13,6), (14,7), (12,6), (13,7), (12,7)]
Rule 0 (BlockRule): [(23,4), (22,4), (23,5), (21,4), (22,5), (23,6), (20,4), (21,5), (22,6), (23,7), (19,4), (20,5), (21,6), (22,7), (18,4), (19,5), (20,6), (21,7), (18,5), (19,6), (20,7), (18,6), (19,7), (18,7)]
Rule 0 (BlockRule): [(5,8), (4,8), (5,9), (3,8), (4,9), (5,10), (2,8), (3,9), (4,10), (5,11), (1,8), (2,9), (3,10), (4,11), (0,8), (1,9), (2,10), (3,11), (0,9), (1,10), (2,11), (0,10), (1,11), (0,11)]
Rule 0 (BlockRule): [(9,8), (10,9), (11,10), (8,8), (9,9), (10,10), (11,11), (7,8), (8,9), (9,10), (10,11), (6,8), (7,9), (8,10), (9,11), (6,9), (7,10), (8,11), (6,10), (7,11), (6,11), (11,8), (10,8), (11,9)]
Rule 0 (BlockRule): [(12,11), (17,8), (16,8), (17,9), (15,8), (16,9), (17,10), (14,8), (15,9), (16,10), (17,11), (13,8), (14,9), (15,10), (16,11), (12,8), (13,9), (14,10), (15,11), (12,9), (13,10), (14,11), (12,10), (13,11)]
Rule 0 (BlockRule): [(23,8), (22,8), (23,9), (21,8), (22,9), (23,10), (20,8), (21,9), (22,10), (23,11), (19,8), (20,9), (21,10), (22,11), (18,8), (19,9), (20,10), (21,11), (18,9), (19,10), (20,11), (18,10), (19,11), (18,11)]
Rule 0 (BlockRule): [(5,12), (4,12), (5,13), (3,12), (4,13), (5,14), (2,12), (3,13), (4,14), (5,15), (1,12), (2,13), (3,14), (4,15), (0,12), (1,13), (2,14), (3,15), (0,13), (1,14), (2,15), (0,14), (1,15), (0,15)]
Rule 0 (BlockRule): [(11,12), (10,12), (11,13), (9,12), (10,13), (11,14), (8,12), (9,13), (10,14), (11,15), (7,12), (8,13), (9,14), (10,15), (6,12), (7,13), (8,14), (9,15), (6,13), (7,14), (8,15), (6,14), (7,15), (6,15)]
Rule 0 (BlockRule): [(13,12), (14,13), (15,14), (16,15), (12,12), (13,13), (14,14), (15,15), (12,13), (13,14), (14,15), (12,14), (13,15), (12,15), (17,12), (16,12), (17,13), (15,12), (16,13), (17,14), (14,12), (15,13), (16,14), (17,15)]
Rule 0 (BlockRule): [(23,12), (22,12), (23,13), (21,12), (22,13), (23,14), (20,12), (21,13), (22,14), (23,15), (19,12), (20,13), (21,14), (22,15), (18,12), (19,13), (20,14), (21,15), (18,13), (19,14), (20,15), (18,14), (19,15), (18,15)]
Rule 0 (BlockRule): [(5,16), (4,16), (5,17), (3,16), (4,17), (5,18), (2,16), (3,17), (4,18), (5,19), (1,16), (2,17), (3,18), (4,19), (0,16), (1,17), (2,18), (3,19), (0,17), (1,18), (2,19), (0,18), (1,19), (0,19)]
Rule 0 (BlockRule): [(11,16), (10,16), (11,17), (9,16), (10,17), (11,18), (8,16), (9,17), (10,18), (11,19), (7,16), (8,17), (9,18), (10,19), (6,16), (7,17), (8,18), (9,19), (6,17), (7,18), (8,19), (6,18), (7,19), (6,19)]
Rule 0 (BlockRule): [(17,16), (16,16), (17,17), (15,16), (16,17), (17,18), (14,16), (15,17), (16,18), (17,19), (13,16), (14,17), (15,18), (16,19), (12,16), (13,17), (14,18), (15,19), (12,17), (13,18), (14,19), (12,18), (13,19), (12,19)]
Rule 0 (BlockRule): [(18,17), (19,18), (20,19), (18,18), (19,19), (18,19), (23,16), (22,16), (23,17), (21,16), (22,17), (23,18), (20,16), (21,17), (22,18), (23,19), (19,16), (20,17), (21,18), (22,19), (18,16), (19,17), (20,18), (21,19)]
Rule 0 (BlockRule): [(5,20), (4,20), (5,21), (3,20), (4,21), (5,22), (2,20), (3,21), (4,22), (5,23), (1,20), (2,21), (3,22), (4,23), (0,20), (1,21), (2,22), (3,23), (0,21), (1,22), (2,23), (0,22), (1,23), (0,23)]
Rule 0 (BlockRule): [(11,20), (10,20), (11,21), (9,20), (10,21), (11,22), (8,20), (9,21), (10,22), (11,23), (7,20), (8,21), (9,22), (10,23), (6,20), (7,21), (8,22), (9,23), (6,21), (7,22), (8,23), (6,22), (7,23), (6,23)]
Rule 0 (BlockRule): [(17,20), (16,20), (17,21), (15,20), (16,21), (17,22), (14,20), (15,21), (16,22), (17,23), (13,20), (14,21), (15,22), (16,23), (12,20), (13,21), (14,22), (15,23), (12,21), (13,22), (14,23), (12,22), (13,23), (12,23)]
Rule 0 (BlockRule): [(21,20), (22,21), (23,22), (20,20), (21,21), (22,22), (23,23), (19,20), (20,21), (21,22), (22,23), (18,20), (19,21), (20,22), (21,23), (18,21), (19,22), (20,23), (18,22), (19,23), (18,23), (23,20), (22,20), (23,21)]
Rule 0 (RowRule): [(1,0), (0,0), (23,0), (22,0), (21,0), (20,0), (19,0), (18,0), (17,0), (16,0), (15,0), (14,0), (13,0), (12,0), (11,0), (10,0), (9,0), (8,0), (7,0), (6,0), (5,0), (4,0), (3,0), (2,0)]
Rule 0 (RowRule): [(2,1), (1,1), (0,1), (23,1), (22,1), (21,1), (20,1), (19,1), (18,1), (17,1), (16,1), (15,1), (14,1), (13,1), (12,1), (11,1), (10,1), (9,1), (8,1), (7,1), (6,1), (5,1), (4,1), (3,1)]
Rule 0 (RowRule): [(3,2), (2,2), (1,2), (0,2), (23,2), (22,2), (21,2), (20,2), (19,2), (18,2), (17,2), (16,2), (15,2), (14,2), (13,2), (12,2), (11,2), (10,2), (9,2), (8,2), (7,2), (6,2), (5,2), (4,2)]
Rule 0 (RowRule): [(4,3), (3,3), (2,3), (1,3), (0,3), (23,3), (22,3), (21,3), (20,3), (19,3), (18,3), (17,3), (16,3), (15,3), (14,3), (13,3), (12,3), (11,3), (10,3), (9,3), (8,3), (7,3), (6,3), (5,3)]
Rule 0 (RowRule): [(5,4), (4,4), (3,4), (2,4), (1,4), (0,4), (23,4), (22,4), (21,4), (20,4), (19,4), (18,4), (17,4), (16,4), (15,4), (14,4), (13,4), (12,4), (11,4), (10,4), (9,4), (8,4), (7,4), (6,4)]
Rule 0 (RowRule): [(6,5), (5,5), (4,5), (3,5), (2,5), (1,5), (0,5), (23,5), (22,5), (21,5), (20,5), (19,5), (18,5), (17,5), (16,5), (15,5), (14,5), (13,5), (12,5), (11,5), (10,5), (9,5), (8,5), (7,5)]
Rule 0 (RowRule): [(7,6), (6,6), (5,6), (4,6), (3,6), (2,6), (1,6), (0,6), (23,6), (22,6), (21,6), (20,6), (19,6), (18,6), (17,6), (16,6), (15,6), (14,6), (13,6), (12,6), (11,6), (10,6), (9,6), (8,6)]
Rule 0 (RowRule): [(8,7), (7,7), (6,7), (5,7), (4,7), (3,7), (2,7), (1,7), (0,7), (23,7), (22,7), (21,7), (20,7), (19,7), (18,7), (17,7), (16,7), (15,7), (14,7), (13,7), (12,7), (11,7), (10,7), (9,7)]
Rule 0 (RowRule): [(9,8), (8,8), (7,8), (6,8), (5,8), (4,8), (3,8), (2,8), (1,8), (0,8), (23,8), (22,8), (21,8), (20,8), (19,8), (18,8), (17,8), (16,8), (15,8), (14,8), (13,8), (12,8), (11,8), (10,8)]
Rule 0 (RowRule): [(10,9), (9,9), (8,9), (7,9), (6,9), (5,9), (4,9), (3,9), (2,9), (1,9), (0,9), (23,9), (22,9), (21,9), (20,9), (19,9), (18,9), (17,9), (16,9), (15,9), (14,9), (13,9), (12,9), (11,9)]
Rule 0 (RowRule): [(11,10), (10,10), (9,10), (8,10), (7,10), (6,10), (5,10), (4,10), (3,10), (2,10), (1,10), (0,10), (23,10), (22,10), (21,10), (20,10), (19,10), (18,10), (17,10), (16,10), (15,10), (14,10), (13,10), (12,10)]
Rule 0 (RowRule): [(12,11), (11,11), (10,11), (9,11), (8,11), (7,11), (6,11), (5,11), (4,11), (3,11), (2,11), (1,11), (0,11), (23,11), (22,11), (21,11), (20,11), (19,11), (18,11), (17,11), (16,11), (15,11), (14,11), (13,11)]
Rule 0 (RowRule): [(13,12), (12,12), (11,12), (10,12), (9,12), (8,12), (7,12), (6,12), (5,12), (4,12), (3,12), (2,12), (1,12), (0,12), (23,12), (22,12), (21,12), (20,12), (19,12), (18,12), (17,12), (16,12), (15,12), (14,12)]
Rule 0 (RowRule): [(14,13), (13,13), (12,13), (11,13), (10,13), (9,13), (8,13), (7,13), (6,13), (5,13), (4,13), (3,13), (2,13), (1,13), (0,13), (23,13), (22,13), (21,13), (20,13), (19,13), (18,13), (17,13), (16,13), (15,13)]
Rule 0 (RowRule): [(15,14), (14,14), (13,14), (12,14), (11,14), (10,14), (9,14), (8,14), (7,14), (6,14), (5,14), (4,14), (3,14), (2,14), (1,14), (0,14), (23,14), (22,14), (21,14), (20,14), (19,14), (18,14), (17,14), (16,14)]
Rule 0 (RowRule): [(16,15), (15,15), (14,15), (13,15), (12,15), (11,15), (10,15), (9,15), (8,15), (7,15), (6,15), (5,15), (4,15), (3,15), (2,15), (1,15), (0,15), (23,15), (22,15), (21,15), (20,15), (19,15), (18,15), (17,15)]
Rule 0 (RowRule): [(17,16), (16,16), (15,16), (14,16), (13,16), (12,16), (11,16), (10,16), (9,16), (8,16), (7,16), (6,16), (5,16), (4,16), (3,16), (2,16), (1,16), (0,16), (23,16), (22,16), (21,16), (20,16), (19,16), (18,16)]
Rule 0 (RowRule): [(18,17), (17,17), (16,17), (15,17), (14,17), (13,17), (12,17), (11,17), (10,17), (9,17), (8,17), (7,17), (6,17), (5,17), (4,17), (3,17), (2,17), (1,17), (0,17), (23,17), (22,17), (21,17), (20,17), (19,17)]
Rule 0 (RowRule): [(19,18), (18,18), (17,18), (16,18), (15,18), (14,18), (13,18), (12,18), (11,18), (10,18), (9,18), (8,18), (7,18), (6,18), (5,18), (4,18), (3,18), (2,18), (1,18), (0,18), (23,18), (22,18), (21,18), (20,18)]
Rule 0 (RowRule): [(20,19), (19,19), (18,19), (17,19), (16,19), (15,19), (14,19), (13,19), (12,19), (11,19), (10,19), (9,19), (8,19), (7,19), (6,19), (5,19), (4,19), (3,19), (2,19), (1,19), (0,19), (23,19), (22,19), (21,19)]
Rule 0 (RowRule): [(21,20), (20,20), (19,20), (18,20), (17,20), (16,20), (15,20), (14,20), (13,20), (12,20), (11,20), (10,20), (9,20), (8,20), (7,20), (6,20), (5,20), (4,20), (3,20), (2,20), (1,20), (0,20), (23,20), (22,20)]
Rule 0 (RowRule): [(22,21), (21,21), (20,21), (19,21), (18,21), (17,21), (16,21), (15,21), (14,21), (13,21), (12,21), (11,21), (10,21), (9,21), (8,21), (7,21), (6,21), (5,21), (4,21), (3,21), (2,21), (1,21), (0,21), (23,21)]
Rule 0 (RowRule): [(23,22), (22,22), (21,22), (20,22), (19,22), (18,22), (17,22), (16,22), (15,22), (14,22), (13,22), (12,22), (11,22), (10,22), (9,22), (8,22), (7,22), (6,22), (5,22), (4,22), (3,22), (2,22), (1,22), (0,22)]
Rule 0 (RowRule): [(23,23), (22,23), (21,23), (20,23), (19,23), (18,23), (17,23), (16,23), (15,23), (14,23), (13,23), (12,23), (11,23), (10,23), (9,23), (8,23), (7,23), (6,23), (5,23), (4,23), (3,23), (2,23), (1,23), (0,23)]
Rule 0 (ColumnRule): [(0,0), (0,1), (0,2), (0,3), (0,4), (0,5), (0,6), (0,7), (0,8), (0,9), (0,10), (0,11), (0,12), (0,13), (0,14), (0,15), (0,16), (0,17), (0,18), (0,19), (0,20), (0,21), (0,22), (0,23)]
Rule 0 (ColumnRule): [(1,0), (1,1), (1,2), (1,3), (1,4), (1,5), (1,6), (1,7), (1,8), (1,9), (1,10), (1,11), (1,12), (1,13), (1,14), (1,15), (1,16), (1,17), (1,18), (1,19), (1,20), (1,21), (1,22), (1,23)]
Rule 0 (ColumnRule): [(2,1), (2,2), (2,3), (2,4), (2,5), (2,6), (2,7), (2,8), (2,9), (2,10), (2,11), (2,12), (2,13), (2,14), (2,15), (2,16), (2,17), (2,18), (2,19), (2,20), (2,21), (2,22), (2,23), (2,0)]
Rule 0 (ColumnRule): [(3,2), (3,3), (3,4), (3,5), (3,6), (3,7), (3,8), (3,9), (3,10), (3,11), (3,12), (3,13), (3,14), (3,15), (3,16), (3,17), (3,18), (3,19), (3,20), (3,21), (3,22), (3,23), (3,0), (3,1)]
Rule 0 (ColumnRule): [(4,3), (4,4), (4,5), (4,6), (4,7), (4,8), (4,9), (4,10), (4,11), (4,12), (4,13), (4,14), (4,15), (4,16), (4,17), (4,18), (4,19), (4,20), (4,21), (4,22), (4,23), (4,0), (4,1), (4,2)]
Rule 0 (ColumnRule): [(5,4), (5,5), (5,6), (5,7), (5,8), (5,9), (5,10), (5,11), (5,12), (5,13), (5,14), (5,15), (5,16), (5,17), (5,18), (5,19), (5,20), (5,21), (5,22), (5,23), (5,0), (5,1), (5,2), (5,3)]
Rule 0 (ColumnRule): [(6,5), (6,6), (6,7), (6,8), (6,9), (6,10), (6,11), (6,12), (6,13), (6,14), (6,15), (6,16), (6,17), (6,18), (6,19), (6,20), (6,21), (6,22), (6,23), (6,0), (6,1), (6,2), (6,3), (6,4)]
Rule 0 (ColumnRule): [(7,6), (7,7), (7,8), (7,9), (7,10), (7,11), (7,12), (7,13), (7,14), (7,15), (7,16), (7,17), (7,18), (7,19), (7,20), (7,21), (7,22), (7,23), (7,0), (7,1), (7,2), (7,3), (7,4), (7,5)]
Rule 0 (ColumnRule): [(8,7), (8,8), (8,9), (8,10), (8,11), (8,12), (8,13), (8,14), (8,15), (8,16), (8,17), (8,18), (8,19), (8,20), (8,21), (8,22), (8,23), (8,0), (8,1), (8,2), (8,3), (8,4), (8,5), (8,6)]
Rule 0 (ColumnRule): [(9,8), (9,9), (9,10), (9,11), (9,12), (9,13), (9,14), (9,15), (9,16), (9,17), (9,18), (9,19), (9,20), (9,21), (9,22), (9,23), (9,0), (9,1), (9,2), (9,3), (9,4), (9,5), (9,6), (9,7)]
Rule 0 (ColumnRule): [(10,9), (10,10), (10,11), (10,12), (10,13), (10,14), (10,15), (10,16), (10,17), (10,18), (10,19), (10,20), (10,21), (10,22), (10,23), (10,0), (10,1), (10,2), (10,3), (10,4), (10,5), (10,6), (10,7), (10,8)]
Rule 0 (ColumnRule): [(11,10), (11,11), (11,12), (11,13), (11,14), (11,15), (11,16), (11,17), (11,18), (11,19), (11,20), (11,21), (11,22), (11,23), (11,0), (11,1), (11,2), (11,3), (11,4), (11,5), (11,6), (11,7), (11,8), (11,9)]
Rule 0 (ColumnRule): [(12,11), (12,12), (12,13), (12,14), (12,15), (12,16), (12,17), (12,18), (12,19), (12,20), (12,21), (12,22), (12,23), (12,0), (12,1), (12,2), (12,3), (12,4), (12,5), (12,6), (12,7), (12,8), (12,9), (12,10)]
Rule 0 (ColumnRule): [(13,12), (13,13), (13,14), (13,15), (13,16), (13,17), (13,18), (13,19), (13,20), (13,21), (13,22), (13,23), (13,0), (13,1), (13,2), (13,3), (13,4), (13,5), (13,6), (13,7), (13,8), (13,9), (13,10), (13,11)]
Rule 0 (ColumnRule): [(14,13), (14,14), (14,15), (14,16), (14,17), (14,18), (14,19), (14,20), (14,21), (14,22), (14,23), (14,0), (14,1), (14,2), (14,3), (14,4), (14,5), (14,6), (14,7), (14,8), (14,9), (14,10), (14,11), (14,12)]
Rule 0 (ColumnRule): [(15,14), (15,15), (15,16), (15,17), (15,18), (15,19), (15,20), (15,21), (15,22), (15,23), (15,0), (15,1), (15,2), (15,3), (15,4), (15,5), (15,6), (15,7), (15,8), (15,9), (15,10), (15,11), (15,12), (15,13)]
Rule 0 (ColumnRule): [(16,15), (16,16), (16,17), (16,18), (16,19), (16,20), (16,21), (16,22), (16,23), (16,0), (16,1), (16,2), (16,3), (16,4), (16,5), (16,6), (16,7), (16,8), (16,9), (16,10), (16,11), (16,12), (16,13), (16,14)]
Rule 0 (ColumnRule): [(17,16), (17,17), (17,18), (17,19), (17,20), (17,21), (17,22), (17,23), (17,0), (17,1), (17,2), (17,3), (17,4), (17,5), (17,6), (17,7), (17,8), (17,9), (17,10), (17,11), (17,12), (17,13), (17,14), (17,15)]
Rule 0 (ColumnRule): [(18,17), (18,18), (18,19), (18,20), (18,21), (18,22), (18,23), (18,0), (18,1), (18,2), (18,3), (18,4), (18,5), (18,6), (18,7), (18,8), (18,9), (18,10), (18,11), (18,12), (18,13), (18,14), (18,15), (18,16)]
Rule 0 (ColumnRule): [(19,18), (19,19), (19,20), (19,21), (19,22), (19,23), (19,0), (19,1), (19,2), (19,3), (19,4), (19,5), (19,6), (19,7), (19,8), (19,9), (19,10), (19,11), (19,12), (19,13), (19,14), (19,15), (19,16), (19,17)]
Rule 0 (ColumnRule): [(20,19), (20,20), (20,21), (20,22), (20,23), (20,0), (20,1), (20,2), (20,3), (20,4), (20,5), (20,6), (20,7), (20,8), (20,9), (20,10), (20,11), (20,12), (20,13), (20,14), (20,15), (20,16), (20,17), (20,18)]
Rule 0 (ColumnRule): [(21,20), (21,21), (21,22), (21,23), (21,0), (21,1), (21,2), (21,3), (21,4), (21,5), (21,6), (21,7), (21,8), (21,9), (21,10), (21,11), (21,12), (21,13), (21,14), (21,15), (21,16), (21,17), (21,18), (21,19)]
Rule 0 (ColumnRule): [(22,21), (22,22), (22,23), (22,0), (22,1), (22,2), (22,3), (22,4), (22,5), (22,6), (22,7), (22,8), (22,9), (22,10), (22,11), (22,12), (22,13), (22,14), (22,15), (22,16), (22,17), (22,18), (22,19), (22,20)]
Rule 0 (ColumnRule): [(23,22), (23,23), (23,0), (23,1), (23,2), (23,3), (23,4), (23,5), (23,6), (23,7), (23,8), (23,9), (23,10), (23,11), (23,12), (23,13), (23,14), (23,15), (23,16), (23,17), (23,18), (23,19), (23,20), (23,21)]

Rules Cell:
Cell (0, 0): [0, 24, 48]
Cell (1, 0): [0, 24, 49]
Cell (2, 0): [0, 24, 50]
Cell (3, 0): [0, 24, 51]
Cell (4, 0): [0, 24, 52]
Cell (5, 0): [0, 24, 53]
Cell (6, 0): [1, 24, 54]
Cell (7, 0): [1, 24, 55]
Cell (8, 0): [1, 24, 56]
Cell (9, 0): [1, 24, 57]
Cell (10, 0): [1, 24, 58]
Cell (11, 0): [1, 24, 59]
Cell (12, 0): [2, 24, 60]
Cell (13, 0): [2, 24, 61]
Cell (14, 0): [2, 24, 62]
Cell (15, 0): [2, 24, 63]
Cell (16, 0): [2, 24, 64]
Cell (17, 0): [2, 24, 65]
Cell (18, 0): [3, 24, 66]
Cell (19, 0): [3, 24, 67]
Cell (20, 0): [3, 24, 68]
Cell (21, 0): [3, 24, 69]
Cell (22, 0): [3, 24, 70]
Cell (23, 0): [3, 24, 71]
Cell (0, 1): [0, 25, 48]
Cell (1, 1): [0, 25, 49]
Cell (2, 1): [0, 25, 50]
Cell (3, 1): [0, 25, 51]
Cell (4, 1): [0, 25, 52]
Cell (5, 1): [0, 25, 53]
Cell (6, 1): [1, 25, 54]
Cell (7, 1): [1, 25, 55]
Cell (8, 1): [1, 25, 56]
Cell (9, 1): [1, 25, 57]
Cell (10, 1): [1, 25, 58]
Cell (11, 1): [1, 25, 59]
Cell (12, 1): [2, 25, 60]
Cell (13, 1): [2, 25, 61]
Cell (14, 1): [2, 25, 62]
Cell (15, 1): [2, 25, 63]
Cell (16, 1): [2, 25, 64]
Cell (17, 1): [2, 25, 65]
Cell (18, 1): [3, 25, 66]
Cell (19, 1): [3, 25, 67]
Cell (20, 1): [3, 25, 68]
Cell (21, 1): [3, 25, 69]
Cell (22, 1): [3, 25, 70]
Cell (23, 1): [3, 25, 71]
Cell (0, 2): [0, 26, 48]
Cell (1, 2): [0, 26, 49]
Cell (2, 2): [0, 26, 50]
Cell (3, 2): [0, 26, 51]
Cell (4, 2): [0, 26, 52]
Cell (5, 2): [0, 26, 53]
Cell (6, 2): [1, 26, 54]
Cell (7, 2): [1, 26, 55]
Cell (8, 2): [1, 26, 56]
Cell (9, 2): [1, 26, 57]
Cell (10, 2): [1, 26, 58]
Cell (11, 2): [1, 26, 59]
Cell (12, 2): [2, 26, 60]
Cell (13, 2): [2, 26, 61]
Cell (14, 2): [2, 26, 62]
Cell (15, 2): [2, 26, 63]
Cell (16, 2): [2, 26, 64]
Cell (17, 2): [2, 26, 65]
Cell (18, 2): [3, 26, 66]
Cell (19, 2): [3, 26, 67]
Cell (20, 2): [3, 26, 68]
Cell (21, 2): [3, 26, 69]
Cell (22, 2): [3, 26, 70]
Cell (23, 2): [3, 26, 71]
Cell (0, 3): [0, 27, 48]
Cell (1, 3): [0, 27, 49]
Cell (2, 3): [0, 27, 50]
Cell (3, 3): [0, 27, 51]
Cell (4, 3): [0, 27, 52]
Cell (5, 3): [0, 27, 53]
Cell (6, 3): [1, 27, 54]
Cell (7, 3): [1, 27, 55]
Cell (8, 3): [1, 27, 56]
Cell (9, 3): [1, 27, 57]
Cell (10, 3): [1, 27, 58]
Cell (11, 3): [1, 27, 59]
Cell (12, 3): [2, 27, 60]
Cell (13, 3): [2, 27, 61]
Cell (14, 3): [2, 27, 62]
Cell (15, 3): [2, 27, 63]
Cell (16, 3): [2, 27, 64]
Cell (17, 3): [2, 27, 65]
Cell (18, 3): [3, 27, 66]
Cell (19, 3): [3, 27, 67]
Cell (20, 3): [3, 27, 68]
Cell (21, 3): [3, 27, 69]
Cell (22, 3): [3, 27, 70]
Cell (23, 3): [3, 27, 71]
Cell (0, 4): [4, 28, 48]
Cell (1, 4): [4, 28, 49]
Cell (2, 4): [4, 28, 50]
Cell (3, 4): [4, 28, 51]
Cell (4, 4): [4, 28, 52]
Cell (5, 4): [4, 28, 53]
Cell (6, 4): [5, 28, 54]
Cell (7, 4): [5, 28, 55]
Cell (8, 4): [5, 28, 56]
Cell (9, 4): [5, 28, 57]
Cell (10, 4): [5, 28, 58]
Cell (11, 4): [5, 28, 59]
Cell (12, 4): [6, 28, 60]
Cell (13, 4): [6, 28, 61]
Cell (14, 4): [6, 28, 62]
Cell (15, 4): [6, 28, 63]
Cell (16, 4): [6, 28, 64]
Cell (17, 4): [6, 28, 65]
Cell (18, 4): [7, 28, 66]
Cell (19, 4): [7, 28, 67]
Cell (20, 4): [7, 28, 68]
Cell (21, 4): [7, 28, 69]
Cell (22, 4): [7, 28, 70]
Cell (23, 4): [7, 28, 71]
Cell (0, 5): [4, 29, 48]
Cell (1, 5): [4, 29, 49]
Cell (2, 5): [4, 29, 50]
Cell (3, 5): [4, 29, 51]
Cell (4, 5): [4, 29, 52]
Cell (5, 5): [4, 29, 53]
Cell (6, 5): [5, 29, 54]
Cell (7, 5): [5, 29, 55]
Cell (8, 5): [5, 29, 56]
Cell (9, 5): [5, 29, 57]
Cell (10, 5): [5, 29, 58]
Cell (11, 5): [5, 29, 59]
Cell (12, 5): [6, 29, 60]
Cell (13, 5): [6, 29, 61]
Cell (14, 5): [6, 29, 62]
Cell (15, 5): [6, 29, 63]
Cell (16, 5): [6, 29, 64]
Cell (17, 5): [6, 29, 65]
Cell (18, 5): [7, 29, 66]
Cell (19, 5): [7, 29, 67]
Cell (20, 5): [7, 29, 68]
Cell (21, 5): [7, 29, 69]
Cell (22, 5): [7, 29, 70]
Cell (23, 5): [7, 29, 71]
Cell (0, 6): [4, 30, 48]
Cell (1, 6): [4, 30, 49]
Cell (2, 6): [4, 30, 50]
Cell (3, 6): [4, 30, 51]
Cell (4, 6): [4, 30, 52]
Cell (5, 6): [4, 30, 53]
Cell (6, 6): [5, 30, 54]
Cell (7, 6): [5, 30, 55]
Cell (8, 6): [5, 30, 56]
Cell (9, 6): [5, 30, 57]
Cell (10, 6): [5, 30, 58]
Cell (11, 6): [5, 30, 59]
Cell (12, 6): [6, 30, 60]
Cell (13, 6): [6, 30, 61]
Cell (14, 6): [6, 30, 62]
Cell (15, 6): [6, 30, 63]
Cell (16, 6): [6, 30, 64]
Cell (17, 6): [6, 30, 65]
Cell (18, 6): [7, 30, 66]
Cell (19, 6): [7, 30, 67]
Cell (20, 6): [7, 30, 68]
Cell (21, 6): [7, 30, 69]
Cell (22, 6): [7, 30, 70]
Cell (23, 6): [7, 30, 71]
Cell (0, 7): [4, 31, 48]
Cell (1, 7): [4, 31, 49]
Cell (2, 7): [4, 31, 50]
Cell (3, 7): [4, 31, 51]
Cell (4, 7): [4, 31, 52]
Cell (5, 7): [4, 31, 53]
Cell (6, 7): [5, 31, 54]
Cell (7, 7): [5, 31, 55]
Cell (8, 7): [5, 31, 56]
Cell (9, 7): [5, 31, 57]
Cell (10, 7): [5, 31, 58]
Cell (11, 7): [5, 31, 59]
Cell (12, 7): [6, 31, 60]
Cell (13, 7): [6, 31, 61]
Cell (14, 7): [6, 31, 62]
Cell (15, 7): [6, 31, 63]
Cell (16, 7): [6, 31, 64]
Cell (17, 7): [6, 31, 65]
Cell (18, 7): [7, 31, 66]
Cell (19, 7): [7, 31, 67]
Cell (20, 7): [7, 31, 68]
Cell (21, 7): [7, 31, 69]
Cell (22, 7): [7, 31, 70]
Cell (23, 7): [7, 31, 71]
Cell (0, 8): [8, 32, 48]
Cell (1, 8): [8, 32, 49]
Cell (2, 8): [8, 32, 50]
Cell (3, 8): [8, 32, 51]
Cell (4, 8): [8, 32, 52]
Cell (5, 8): [8, 32, 53]
Cell (6, 8): [9, 32, 54]
Cell (7, 8): [9, 32, 55]
Cell (8, 8): [9, 32, 56]
Cell (9, 8): [9, 32, 57]
Cell (10, 8): [9, 32, 58]
Cell (11, 8): [9, 32, 59]
Cell (12, 8): [10, 32, 60]
Cell (13, 8): [10, 32, 61]
Cell (14, 8): [10, 32, 62]
Cell (15, 8): [10, 32, 63]
Cell (16, 8): [10, 32, 64]
Cell (17, 8): [10, 32, 65]
Cell (18, 8): [11, 32, 66]
Cell (19, 8): [11, 32, 67]
Cell (20, 8): [11, 32, 68]
Cell (21, 8): [11, 32, 69]
Cell (22, 8): [11, 32, 70]
Cell (23, 8): [11, 32, 71]
Cell (0, 9): [8, 33, 48]
Cell (1, 9): [8, 33, 49]
Cell (2, 9): [8, 33, 50]
Cell (3, 9): [8, 33, 51]
Cell (4, 9): [8, 33, 52]
Cell (5, 9): [8, 33, 53]
Cell (6, 9): [9, 33, 54]
Cell (7, 9): [9, 33, 55]
Cell (8, 9): [9, 33, 56]
Cell (9, 9): [9, 33, 57]
Cell (10, 9): [9, 33, 58]
Cell (11, 9): [9, 33, 59]
Cell (12, 9): [10, 33, 60]
Cell (13, 9): [10, 33, 61]
Cell (14, 9): [10, 33, 62]
Cell (15, 9): [10, 33, 63]
Cell (16, 9): [10, 33, 64]
Cell (17, 9): [10, 33, 65]
Cell (18, 9): [11, 33, 66]
Cell (19, 9): [11, 33, 67]
Cell (20, 9): [11, 33, 68]
Cell (21, 9): [11, 33, 69]
Cell (22, 9): [11, 33, 70]
Cell (23, 9): [11, 33, 71]
Cell (0, 10): [8, 34, 48]
Cell (1, 10): [8, 34, 49]
Cell (2, 10): [8, 34, 50]
Cell (3, 10): [8, 34, 51]
Cell (4, 10): [8, 34, 52]
Cell (5, 10): [8, 34, 53]
Cell (6, 10): [9, 34, 54]
Cell (7, 10): [9, 34, 55]
Cell (8, 10): [9, 34, 56]
Cell (9, 10): [9, 34, 57]
Cell (10, 10): [9, 34, 58]
Cell (11, 10): [9, 34, 59]
Cell (12, 10): [10, 34, 60]
Cell (13, 10): [10, 34, 61]
Cell (14, 10): [10, 34, 62]
Cell (15, 10): [10, 34, 63]
Cell (16, 10): [10, 34, 64]
Cell (17, 10): [10, 34, 65]
Cell (18, 10): [11, 34, 66]
Cell (19, 10): [11, 34, 67]
Cell (20, 10): [11, 34, 68]
Cell (21, 10): [11, 34, 69]
Cell (22, 10): [11, 34, 70]
Cell (23, 10): [11, 34, 71]
Cell (0, 11): [8, 35, 48]
Cell (1, 11): [8, 35, 49]
Cell (2, 11): [8, 35, 50]
Cell (3, 11): [8, 35, 51]
Cell (4, 11): [8, 35, 52]
Cell (5, 11): [8, 35, 53]
Cell (6, 11): [9, 35, 54]
Cell (7, 11): [9, 35, 55]
Cell (8, 11): [9, 35, 56]
Cell (9, 11): [9, 35, 57]
Cell (10, 11): [9, 35, 58]
Cell (11, 11): [9, 35, 59]
Cell (12, 11): [10, 35, 60]
Cell (13, 11): [10, 35, 61]
Cell (14, 11): [10, 35, 62]
Cell (15, 11): [10, 35, 63]
Cell (16, 11): [10, 35, 64]
Cell (17, 11): [10, 35, 65]
Cell (18, 11): [11, 35, 66]
Cell (19, 11): [11, 35, 67]
Cell (20, 11): [11, 35, 68]
Cell (21, 11): [11, 35, 69]
Cell (22, 11): [11, 35, 70]
Cell (23, 11): [11, 35, 71]
Cell (0, 12): [12, 36, 48]
Cell (1, 12): [12, 36, 49]
Cell (2, 12): [12, 36, 50]
Cell (3, 12): [12, 36, 51]
Cell (4, 12): [12, 36, 52]
Cell (5, 12): [12, 36, 53]
Cell (6, 12): [13, 36, 54]
Cell (7, 12): [13, 36, 55]
Cell (8, 12): [13, 36, 56]
Cell (9, 12): [13, 36, 57]
Cell (10, 12): [13, 36, 58]
Cell (11, 12): [13, 36, 59]
Cell (12, 12): [14, 36, 60]
Cell (13, 12): [14, 36, 61]
Cell (14, 12): [14, 36, 62]
Cell (15, 12): [14, 36, 63]
Cell (16, 12): [14, 36, 64]
Cell (17, 12): [14, 36, 65]
Cell (18, 12): [15, 36, 66]
Cell (19, 12): [15, 36, 67]
Cell (20, 12): [15, 36, 68]
Cell (21, 12): [15, 36, 69]
Cell (22, 12): [15, 36, 70]
Cell (23, 12): [15, 36, 71]
Cell (0, 13): [12, 37, 48]
Cell (1, 13): [12, 37, 49]
Cell (2, 13): [12, 37, 50]
Cell (3, 13): [12, 37, 51]
Cell (4, 13): [12, 37, 52]
Cell (5, 13): [12, 37, 53]
Cell (6, 13): [13, 37, 54]
Cell (7, 13): [13, 37, 55]
Cell (8, 13): [13, 37, 56]
Cell (9, 13): [13, 37, 57]
Cell (10, 13): [13, 37, 58]
Cell (11, 13): [13, 37, 59]
Cell (12, 13): [14, 37, 60]
Cell (13, 13): [14, 37, 61]
Cell (14, 13): [14, 37, 62]
Cell (15, 13): [14, 37, 63]
Cell (16, 13): [14, 37, 64]
Cell (17, 13): [14, 37, 65]
Cell (18, 13): [15, 37, 66]
Cell (19, 13): [15, 37, 67]
Cell (20, 13): [15, 37, 68]
Cell (21, 13): [15, 37, 69]
Cell (22, 13): [15, 37, 70]
Cell (23, 13): [15, 37, 71]
Cell (0, 14): [12, 38, 48]
Cell (1, 14): [12, 38, 49]
Cell (2, 14): [12, 38, 50]
Cell (3, 14): [12, 38, 51]
Cell (4, 14): [12, 38, 52]
Cell (5, 14): [12, 38, 53]
Cell (6, 14): [13, 38, 54]
Cell (7, 14): [13, 38, 55]
Cell (8, 14): [13, 38, 56]
Cell (9, 14): [13, 38, 57]
Cell (10, 14): [13, 38, 58]
Cell (11, 14): [13, 38, 59]
Cell (12, 14): [14, 38, 60]
Cell (13, 14): [14, 38, 61]
Cell (14, 14): [14, 38, 62]
Cell (15, 14): [14, 38, 63]
Cell (16, 14): [14, 38, 64]
Cell (17, 14): [14, 38, 65]
Cell (18, 14): [15, 38, 66]
Cell (19, 14): [15, 38, 67]
Cell (20, 14): [15, 38, 68]
Cell (21, 14): [15, 38, 69]
Cell (22, 14): [15, 38, 70]
Cell (23, 14): [15, 38, 71]
Cell (0, 15): [12, 39, 48]
Cell (1, 15): [12, 39, 49]
Cell (2, 15): [12, 39, 50]
Cell (3, 15): [12, 39, 51]
Cell (4, 15): [12, 39, 52]
Cell (5, 15): [12, 39, 53]
Cell (6, 15): [13, 39, 54]
Cell (7, 15): [13, 39, 55]
Cell (8, 15): [13, 39, 56]
Cell (9, 15): [13, 39, 57]
Cell (10, 15): [13, 39, 58]
Cell (11, 15): [13, 39, 59]
Cell (12, 15): [14, 39, 60]
Cell (13, 15): [14, 39, 61]
Cell (14, 15): [14, 39, 62]
Cell (15, 15): [14, 39, 63]
Cell (16, 15): [14, 39, 64]
Cell (17, 15): [14, 39, 65]
Cell (18, 15): [15, 39, 66]
Cell (19, 15): [15, 39, 67]
Cell (20, 15): [15, 39, 68]
Cell (21, 15): [15, 39, 69]
Cell (22, 15): [15, 39, 70]
Cell (23, 15): [15, 39, 71]
Cell (0, 16): [16, 40, 48]
Cell (1, 16): [16, 40, 49]
Cell (2, 16): [16, 40, 50]
Cell (3, 16): [16, 40, 51]
Cell (4, 16): [16, 40, 52]
Cell (5, 16): [16, 40, 53]
Cell (6, 16): [17, 40, 54]
Cell (7, 16): [17, 40, 55]
Cell (8, 16): [17, 40, 56]
Cell (9, 16): [17, 40, 57]
Cell (10, 16): [17, 40, 58]
Cell (11, 16): [17, 40, 59]
Cell (12, 16): [18, 40, 60]
Cell (13, 16): [18, 40, 61]
Cell (14, 16): [18, 40, 62]
Cell (15, 16): [18, 40, 63]
Cell (16, 16): [18, 40, 64]
Cell (17, 16): [18, 40, 65]
Cell (18, 16): [19, 40, 66]
Cell (19, 16): [19, 40, 67]
Cell (20, 16): [19, 40, 68]
Cell (21, 16): [19, 40, 69]
Cell (22, 16): [19, 40, 70]
Cell (23, 16): [19, 40, 71]
Cell (0, 17): [16, 41, 48]
Cell (1, 17): [16, 41, 49]
Cell (2, 17): [16, 41, 50]
Cell (3, 17): [16, 41, 51]
Cell (4, 17): [16, 41, 52]
Cell (5, 17): [16, 41, 53]
Cell (6, 17): [17, 41, 54]
Cell (7, 17): [17, 41, 55]
Cell (8, 17): [17, 41, 56]
Cell (9, 17): [17, 41, 57]
Cell (10, 17): [17, 41, 58]
Cell (11, 17): [17, 41, 59]
Cell (12, 17): [18, 41, 60]
Cell (13, 17): [18, 41, 61]
Cell (14, 17): [18, 41, 62]
Cell (15, 17): [18, 41, 63]
Cell (16, 17): [18, 41, 64]
Cell (17, 17): [18, 41, 65]
Cell (18, 17): [19, 41, 66]
Cell (19, 17): [19, 41, 67]
Cell (20, 17): [19, 41, 68]
Cell (21, 17): [19, 41, 69]
Cell (22, 17): [19, 41, 70]
Cell (23, 17): [19, 41, 71]
Cell (0, 18): [16, 42, 48]
Cell (1, 18): [16, 42, 49]
Cell (2, 18): [16, 42, 50]
Cell (3, 18): [16, 42, 51]
Cell (4, 18): [16, 42, 52]
Cell (5, 18): [16, 42, 53]
Cell (6, 18): [17, 42, 54]
Cell (7, 18): [17, 42, 55]
Cell (8, 18): [17, 42, 56]
Cell (9, 18): [17, 42, 57]
Cell (10, 18): [17, 42, 58]
Cell (11, 18): [17, 42, 59]
Cell (12, 18): [18, 42, 60]
Cell (13, 18): [18, 42, 61]
Cell (14, 18): [18, 42, 62]
Cell (15, 18): [18, 42, 63]
Cell (16, 18): [18, 42, 64]
Cell (17, 18): [18, 42, 65]
Cell (18, 18): [19, 42, 66]
Cell (19, 18): [19, 42, 67]
Cell (20, 18): [19, 42, 68]
Cell (21, 18): [19, 42, 69]
Cell (22, 18): [19, 42, 70]
Cell (23, 18): [19, 42, 71]
Cell (0, 19): [16, 43, 48]
Cell (1, 19): [16, 43, 49]
Cell (2, 19): [16, 43, 50]
Cell (3, 19): [16, 43, 51]
Cell (4, 19): [16, 43, 52]
Cell (5, 19): [16, 43, 53]
Cell (6, 19): [17, 43, 54]
Cell (7, 19): [17, 43, 55]
Cell (8, 19): [17, 43, 56]
Cell (9, 19): [17, 43, 57]
Cell (10, 19): [17, 43, 58]
Cell (11, 19): [17, 43, 59]
Cell (12, 19): [18, 43, 60]
Cell (13, 19): [18, 43, 61]
Cell (14, 19): [18, 43, 62]
Cell (15, 19): [18, 43, 63]
Cell (16, 19): [18, 43, 64]
Cell (17, 19): [18, 43, 65]
Cell (18, 19): [19, 43, 66]
Cell (19, 19): [19, 43, 67]
Cell (20, 19): [19, 43, 68]
Cell (21, 19): [19, 43, 69]
Cell (22, 19): [19, 43, 70]
Cell (23, 19): [19, 43, 71]
Cell (0, 20): [20, 44, 48]
Cell (1, 20): [20, 44, 49]
Cell (2, 20): [20, 44, 50]
Cell (3, 20): [20, 44, 51]
Cell (4, 20): [20, 44, 52]
Cell (5, 20): [20, 44, 53]
Cell (6, 20): [21, 44, 54]
Cell (7, 20): [21, 44, 55]
Cell (8, 20): [21, 44, 56]
Cell (9, 20): [21, 44, 57]
Cell (10, 20): [21, 44, 58]
Cell (11, 20): [21, 44, 59]
Cell (12, 20): [22, 44, 60]
Cell (13, 20): [22, 44, 61]
Cell (14, 20): [22, 44, 62]
Cell (15, 20): [22, 44, 63]
Cell (16, 20): [22, 44, 64]
Cell (17, 20): [22, 44, 65]
Cell (18, 20): [23, 44, 66]
Cell (19, 20): [23, 44, 67]
Cell (20, 20): [23, 44, 68]
Cell (21, 20): [23, 44, 69]
Cell (22, 20): [23, 44, 70]
Cell (23, 20): [23, 44, 71]
Cell (0, 21): [20, 45, 48]
Cell (1, 21): [20, 45, 49]
Cell (2, 21): [20, 45, 50]
Cell (3, 21): [20, 45, 51]
Cell (4, 21): [20, 45, 52]
Cell (5, 21): [20, 45, 53]
Cell (6, 21): [21, 45, 54]
Cell (7, 21): [21, 45, 55]
Cell (8, 21): [21, 45, 56]
Cell (9, 21): [21, 45, 57]
Cell (10, 21): [21, 45, 58]
Cell (11, 21): [21, 45, 59]
Cell (12, 21): [22, 45, 60]
Cell (13, 21): [22, 45, 61]
Cell (14, 21): [22, 45, 62]
Cell (15, 21): [22, 45, 63]
Cell (16, 21): [22, 45, 64]
Cell (17, 21): [22, 45, 65]
Cell (18, 21): [23, 45, 66]
Cell (19, 21): [23, 45, 67]
Cell (20, 21): [23, 45, 68]
Cell (21, 21): [23, 45, 69]
Cell (22, 21): [23, 45, 70]
Cell (23, 21): [23, 45, 71]
Cell (0, 22): [20, 46, 48]
Cell (1, 22): [20, 46, 49]
Cell (2, 22): [20, 46, 50]
Cell (3, 22): [20, 46, 51]
Cell (4, 22): [20, 46, 52]
Cell (5, 22): [20, 46, 53]
Cell (6, 22): [21, 46, 54]
Cell (7, 22): [21, 46, 55]
Cell (8, 22): [21, 46, 56]
Cell (9, 22): [21, 46, 57]
Cell (10, 22): [21, 46, 58]
Cell (11, 22): [21, 46, 59]
Cell (12, 22): [22, 46, 60]
Cell (13, 22): [22, 46, 61]
Cell (14, 22): [22, 46, 62]
Cell (15, 22): [22, 46, 63]
Cell (16, 22): [22, 46, 64]
Cell (17, 22): [22, 46, 65]
Cell (18, 22): [23, 46, 66]
Cell (19, 22): [23, 46, 67]
Cell (20, 22): [23, 46, 68]
Cell (21, 22): [23, 46, 69]
Cell (22, 22): [23, 46, 70]
Cell (23, 22): [23, 46, 71]
Cell (0, 23): [20, 47, 48]
Cell (1, 23): [20, 47, 49]
Cell (2, 23): [20, 47, 50]
Cell (3, 23): [20, 47, 51]
Cell (4, 23): [20, 47, 52]
Cell (5, 23): [20, 47, 53]
Cell (6, 23): [21, 47, 54]
Cell (7, 23): [21, 47, 55]
Cell (8, 23): [21, 47, 56]
Cell (9, 23): [21, 47, 57]
Cell (10, 23): [21, 47, 58]
Cell (11, 23): [21, 47, 59]
Cell (12, 23): [22, 47, 60]
Cell (13, 23): [22, 47, 61]
Cell (14, 23): [22, 47, 62]
Cell (15, 23): [22, 47, 63]
Cell (16, 23): [22, 47, 64]
Cell (17, 23): [22, 47, 65]
Cell (18, 23): [23, 47, 66]
Cell (19, 23): [23, 47, 67]
Cell (20, 23): [23, 47, 68]
Cell (21, 23): [23, 47, 69]
Cell (22, 23): [23, 47, 70]
Cell (23, 23): [23, 47, 71]

Grid:
11 22 12 23 13 24 14 15 16 17 18 19 1 2 3 4 5 6 7 8 9 20 10 21 
14 15 16 17 18 19 7 8 9 20 10 21 11 22 12 23 13 24 1 2 3 4 5 6 
1 2 3 4 5 6 11 22 12 23 13 24 7 8 9 20 10 21 14 15 16 17 18 19 
7 8 9 20 10 21 1 2 3 4 5 6 14 15 16 17 18 19 11 22 12 23 13 24 
22 18 11 12 23 13 2 3 6 24 17 14 8 4 7 9 19 15 20 5 21 10 1 16 
20 10 6 3 9 14 4 1 5 7 22 8 16 21 17 13 11 23 19 12 24 18 2 15 
17 24 4 15 19 5 10 21 18 9 16 20 12 14 1 2 22 3 23 13 6 11 8 7 
16 1 7 8 21 2 13 23 11 19 15 12 18 6 10 5 24 20 17 3 22 14 4 9 
12 11 14 5 22 23 15 16 17 1 9 2 6 3 13 7 20 4 10 21 19 8 24 18 
21 16 17 18 8 20 12 24 19 13 7 11 2 23 22 15 1 10 6 14 4 9 3 5 
2 19 24 6 1 15 3 4 10 14 8 22 21 5 18 11 16 9 12 17 7 13 20 23 
9 4 13 7 3 10 5 6 21 18 20 23 24 12 14 19 17 8 16 11 15 1 22 2 
23 12 15 22 24 17 19 5 13 6 11 4 9 1 20 18 21 16 8 7 2 3 14 10 
3 20 8 10 14 7 16 17 2 21 24 9 15 11 19 22 4 12 18 1 23 5 6 13 
19 9 2 21 16 4 8 18 1 3 23 10 5 13 6 14 7 17 22 24 11 12 15 20 
6 5 18 13 11 1 22 14 20 15 12 7 10 24 23 3 8 2 9 16 17 19 21 4 
13 23 19 24 4 8 21 11 15 16 1 18 22 7 2 10 12 14 5 9 20 6 17 3 
15 6 20 1 12 22 24 9 4 10 2 17 3 16 5 8 23 18 21 19 13 7 11 14 
18 17 10 11 2 16 6 20 7 5 14 3 19 9 21 1 15 13 4 23 8 24 12 22 
5 14 21 9 7 3 23 12 22 8 19 13 17 20 4 24 6 11 15 18 10 2 16 1 
24 3 22 19 17 12 18 13 23 11 6 1 4 10 15 21 9 5 2 20 14 16 7 8 
4 7 1 16 6 11 20 19 24 2 3 15 23 18 8 12 14 22 13 10 5 21 9 17 
8 21 23 2 20 18 9 10 14 22 4 5 13 17 11 16 3 7 24 6 1 15 19 12 
10 13 5 14 15 9 17 7 8 12 21 16 20 19 24 6 2 1 3 4 18 22 23 11 
