Size: 5x5

Symboles : [1, 2, 3, 4, 5]

Rules:
Rule 0 (BlockRule): [(0,0), (0,1), (0,2), (0,3), (0,4)]
Rule 0 (BlockRule): [(1,0), (1,1), (1,2), (1,3), (1,4)]
Rule 0 (BlockRule): [(2,1), (2,2), (2,3), (2,4), (2,0)]
Rule 0 (BlockRule): [(3,2), (3,3), (3,4), (3,0), (3,1)]
Rule 0 (BlockRule): [(4,3), (4,4), (4,0), (4,1), (4,2)]
Rule 0 (RowRule): [(1,0), (0,0), (4,0), (3,0), (2,0)]
Rule 0 (RowRule): [(2,1), (1,1), (0,1), (4,1), (3,1)]
Rule 0 (RowRule): [(3,2), (2,2), (1,2), (0,2), (4,2)]
Rule 0 (RowRule): [(4,3), (3,3), (2,3), (1,3), (0,3)]
Rule 0 (RowRule): [(4,4), (3,4), (2,4), (1,4), (0,4)]

Rules Cell:
Cell (0, 0): [0, 5]
Cell (1, 0): [1, 5]
Cell (2, 0): [2, 5]
Cell (3, 0): [3, 5]
Cell (4, 0): [4, 5]
Cell (0, 1): [0, 6]
Cell (1, 1): [1, 6]
Cell (2, 1): [2, 6]
Cell (3, 1): [3, 6]
Cell (4, 1): [4, 6]
Cell (0, 2): [0, 7]
Cell (1, 2): [1, 7]
Cell (2, 2): [2, 7]
Cell (3, 2): [3, 7]
Cell (4, 2): [4, 7]
Cell (0, 3): [0, 8]
Cell (1, 3): [1, 8]
Cell (2, 3): [2, 8]
Cell (3, 3): [3, 8]
Cell (4, 3): [4, 8]
Cell (0, 4): [0, 9]
Cell (1, 4): [1, 9]
Cell (2, 4): [2, 9]
Cell (3, 4): [3, 9]
Cell (4, 4): [4, 9]

Grid:
4 2 3 1 5 
5 1 2 4 3 
2 5 4 3 1 
3 4 1 5 2 
1 3 5 2 4 
